0,1,2,3,4,5,6,7,8,9,10,11,12,13,14,15,16,17,18,19,20,21,22,23,24,25,26,27,28,29,30,31,32,33,34,35,36,37,38,39,40,41,42,43,44,45,46,47,48,49,50,51,52,53,54,55,56,57,58,59,60,61,62,63,64,65,66,67,68,69,70,71,72,73,74,75,76,77,78,79,80,81,82,83,84,85,86,87,88,89,90,91,92,93,94,95,96,97,98,99,100,101,102,103,104,105,106,107,108,109,110,111,112,113,114,115,116,117,118,119,120,121,122,123,124,125,126,127,128,129,130,131,132,133,134,135,136,137,138,139,140,141,142,143,144,145,146,147,148,149,150,151,152,153,154,155,156,157,158,159,160,161,162,163,164,165,166,167,168,169,170,171,172,173,174,175,176,177,178,179,180,181,182,183,184,185,186,187,188,189,190,191,192,193,194,195,196,197,198,199,200,201,202,203,204,205,206,207,208,209,210,211,212,213,214,215,216,217,218,219,220,221,222,223,224,225,226,227,228,229,230,231,232,233,234,235,236,237,238,239,240,241,242,243,244,245,246,247,248,249,250,251,252,253,254,255,256,257,258,259,260,261,262,263,264,265,266,267,268,269,270,271,272,273,274,275,276,277,278,279,280,281,282,283,284,285,286,287,288,289,290,291,292,293,294,295,296,297,298,299,300,301,302,303,304,305,306,307,308,309,310,311,312,313,314,315,316,317,318,319,320,321,322,323,324,325,326,327,328,329,330,331,332,333,334,335,336,337,338,339,340,341,342,343,344,345,346,347,348,349,350,351,352,353,354,355,356,357,358,359,360,361,362,363,364,365,366,367,368,369,370,371,372,373,374,375,376,377,378,379,380,381,382,383,384,385,386,387,388,389,390,391,392,393,394,395,396,397,398,399,400,401,402,403,404,405,406,407,408,409,410,411,412,413,414,415,416,417,418,419,420,421,422,423,424,425,426,427,428,429,430,431,432,433,434,435,436,437,438,439,440,441,442,443,444,445,446,447,448,449,450,451,452,453,454,455,456,457,458,459,460,461,462,463,464,465,466,467,468,469,470,471,472,473,474,475,476,477,478,479,480,481,482,483,484,485,486,487,488,489,490,491,492,493,494,495,496,497,498,499,500,501,502,503,504,505,506,507,508,509,510,511,512,513,514,515,516,517,518,519,520,521,522,523,524,525,526,527,528,529,530,531,532,533,534,535,536,537,538,539,540,541,542,543,544,545,546,547,548,549,550,551,552,553,554,555,556,557,558,559,560,561,562,563,564,565,566,567,568,569,570,571,572,573,574,575,576,577,578,579,580,581,582,583,584,585,586,587,588,589,590,591,592,593,594,595,596,597,598,599,600,601,602,603,604,605,606,607,608,609,610,611,612,613,614,615,616,617,618,619,620,621,622,623,624,625,626,627,628,629,630,631,632,633,634,635,636,637,638,639,640,641,642,643,644,645,646,647,648,649,650,651,652,653,654,655,656,657,658,659,660,661,662,663,664,665,666,667,668,669,670,671,672,673,674,675,676,677,678,679,680,681,682,683,684,685,686,687,688,689,690,691,692,693,694,695,696,697,698,699,700,701,702,703,704,705,706,707,708,709,710,711,712,713,714,715,716,717,718,719,720,721,722,723,724,725,726,727,728,729,730,731,732,733,734,735,736,737,738,739,740,741,742,743,744,745,746,747,748,749,750,751,752,753,754,755,756,757,758,759,760,761,762,763,764,765,766,767,768,769,770,771,772,773,774,775,776,777,778,779,780,781,782,783,784,785,786,787,788,789,790,791,792,793,794,795,796,797,798,799,800,801,802,803,804,805,806,807,808,809,810,811,812,813,814,815,816,817,818,819,820,821,822,823,824,825,826,827,828,829,830,831,832,833,834,835,836,837,838,839,840,841,842,843,844,845,846,847,848,849,850,851,852,853,854,855,856,857,858,859,860,861,862,863,864,865,866,867,868,869,870,871,872,873,874,875,876,877,878,879,880,881,882,883,884,885,886,887,888,889,890,891,892,893,894,895,896,897,898,899,900,901,902,903,904,905,906,907,908,909,910,911,912,913,914,915,916,917,918,919,920,921,922,923,924,925,926,927,928,929,930,931,932,933,934,935,936,937,938,939,940,941,942,943,944,945,946,947,948,949,950,951,952,953,954,955,956,957,958,959,960,961,962,963,964,965,966,967,968,969,970,971,972,973,974,975,976,977,978,979,980,981,982,983,984,985,986,987,988,989,990,991,992,993,994,995,996,997,998,999,1000,1001,1002,1003,1004,1005,1006,1007,1008,1009,1010,1011,1012,1013,1014,1015,1016,1017,1018,1019,1020,1021,1022,1023,label
0.01669946,-0.00621536,0.14090255,0.26121098,-0.18811584,0.5870993,0.56045437,0.15286206,-0.07557796,2.535282,-0.0851945,-0.061101045,-0.4447354,0.03455604,0.09715343,-0.09696825,0.17655967,-0.06811763,0.2621074,0.052555203,0.25811067,-0.14643732,0.24481337,-0.36461467,0.23889603,-0.04657857,0.28921694,0.14429237,0.47137794,-0.016751662,0.15346317,0.14143746,0.18898375,0.062261146,-0.15434408,0.012989085,0.080771215,-0.104840696,0.130237,-0.0575518,-0.063396916,0.27678925,0.22770712,0.102274016,-0.11348892,-0.26780558,-0.000906121,-0.098200046,0.18546113,-0.3161561,0.11038934,-0.33149746,0.0064557195,-0.074851625,0.6235717,-0.10001462,0.102428846,-0.07441494,-0.021935135,-0.031851526,-0.43489784,-0.20802523,-0.11235624,0.33222523,0.48801577,0.30782646,0.07650236,-0.4002412,0.050845303,-0.075460516,-0.15000263,0.06997664,-0.030662,-0.039094888,-0.0067288987,0.0750331,0.10649598,-0.37197763,0.08374122,-0.05356197,2.1897345,-0.38222942,0.06873654,0.1823011,2.524768,0.17897925,-0.14202793,0.082420535,0.10905716,-0.4761617,0.1061064,-0.07933833,-0.050343752,-0.040325884,0.07165024,0.0922975,0.07051242,-0.23053102,-0.8745589,-0.124799535,-0.13760544,0.017356273,0.15562041,-0.34383735,0.349959,0.055631578,-0.19542362,-0.46128556,-0.0123328585,-0.15956885,-4.6645546,-0.14167581,0.08081536,-0.0865901,0.35192275,0.22443566,0.07448003,-0.11219865,0.06277026,-0.61327183,0.1466865,0.17179535,0.030026449,0.0152324755,-0.16351107,0.114854224,0.10444011,-0.05194307,0.24162173,0.21175067,-0.04403483,-0.06940986,-0.01116254,-0.43799388,0.22057974,-0.24696429,0.054216,0.1336815,-0.18843485,-0.013245871,0.03441068,0.056541212,-0.05606653,0.20692971,0.47754857,0.0033367835,-0.034533422,0.029880837,-0.061881028,-0.18790361,-0.43442667,0.085909754,0.045921355,-0.05942169,0.29799223,0.18868348,0.08052223,0.13233534,0.16918755,0.1783751,0.07092717,0.24675716,0.33644083,0.086247906,0.06936511,0.13013689,0.18579309,0.38162687,0.3417927,-0.047020994,-0.09926013,0.15852462,-0.016087422,0.068064585,-0.06693369,-0.13172956,-0.65236723,-0.044488057,-0.18230258,0.36086023,0.024238229,-0.18007874,-0.08741379,1.0121396,-0.39011073,0.7408042,-0.055246584,0.21316284,-0.05306134,-0.1133215,-0.025448427,-0.0037502944,0.0073149353,-0.04641467,0.0713561,0.20258102,-0.049629904,0.068903066,0.023205014,0.24693188,0.0073731393,-1.3412603,-0.060371332,-0.08824137,0.14447643,-0.12629753,-0.082734525,0.07187803,0.033666566,-0.21401648,0.17479266,0.12052518,-0.04617241,-0.06589758,0.16898143,0.026041612,0.32765117,-0.07388452,0.0009018474,-0.096398465,0.29470137,0.4922815,-0.007904427,-0.029631782,-0.14102441,-0.074376665,0.15926406,0.14382517,0.114223115,0.22763193,-0.22185941,0.106337264,-0.5188043,0.094260156,-0.0116712935,-0.025956675,0.07208371,0.024300575,-0.39743835,0.22038962,-0.3968339,0.0035895295,0.021206273,0.002764857,0.0012633521,0.016769018,-0.11858896,-0.18196389,-0.27599704,0.4690658,0.18342055,-0.1454182,-0.6131247,0.19011737,0.09029178,-0.16609848,0.1732814,-1.3108256,0.12379585,0.32078284,1.9554012,-0.5197612,0.093392864,-0.5247625,0.6537866,0.91137713,-0.4817822,-0.32881775,0.097044595,0.27558047,0.15895444,-0.005301602,0.025747374,-0.09475479,-0.15930207,0.68689436,0.12454608,-0.0757178,-0.13014916,-0.05732157,0.046631098,0.0439999,-0.13031837,0.007959834,-0.37564266,0.077255145,0.15574542,-0.24204552,0.24421674,0.2617541,0.02456583,0.09426779,0.05085684,-0.2042046,0.043056786,0.07443747,-0.0511676,-0.008660361,-0.044694446,0.14789091,0.066686235,-0.119635895,0.0718214,-0.36255738,0.07886335,0.122085236,-0.14359781,-0.08033537,0.23309784,-0.19649862,0.18388541,0.94029075,0.0363442,0.1112013,0.081094086,-0.50440997,-0.4672927,-0.23585285,-0.09786487,0.41433713,-0.12996578,0.08170114,-0.09218396,-0.059126243,0.5220098,0.34007823,0.093688264,-0.05943844,0.12925598,-0.24880043,0.016027905,0.057728156,-0.071750686,0.25596985,0.648857,-0.4919095,0.08901057,-0.02419685,-0.4986157,-0.09375278,0.12025299,0.05310929,-0.053777054,-0.44311166,-0.14541924,-0.08071013,0.2299585,-0.17724065,-0.021658093,-0.16642673,-0.1599967,0.3482134,0.13255627,0.22537827,0.61569154,0.022808082,-0.05194423,-0.006627172,-0.07517053,0.21748811,0.006962754,-0.053296413,0.16461495,1.3033738,0.07721254,0.0073463954,0.023807265,-0.0056521455,0.18437293,-0.68539315,0.6424415,0.070745364,-0.22516866,0.14951947,0.07267996,0.53316367,0.0765268,0.011633227,0.67523754,0.002510916,-0.001019228,0.029185405,-0.12452875,-0.2313529,-0.11773215,-0.041098874,0.30788127,0.15021321,0.0014109616,-0.17351201,-0.3137403,-0.007562224,-0.36035067,-0.11758144,0.14184411,0.08764212,0.012534209,-0.31440502,-0.49728194,-0.10664612,0.14203914,-0.0048636645,-0.4840206,-0.43078083,0.20378748,-0.0025832132,-0.088102795,-0.08158659,0.18459973,0.030972578,-0.215118,-0.18108335,-0.114799485,2.7628515,0.043281667,-0.2831209,-0.18973109,0.094635256,-0.0636668,0.7597727,-0.34095508,-0.01999211,0.0873472,-0.00219021,-0.0024544895,-0.18556009,-0.08702144,0.13452251,0.19171585,0.004413191,0.12940642,-0.07165119,-0.01390795,-0.1325858,0.33373806,0.12552032,0.03247595,0.074197434,-0.3339969,-0.16635834,0.45698652,-0.029626742,-0.52727664,-0.48193228,0.128684,0.3995478,-0.019675553,0.06124574,-0.022899255,0.32268763,-0.01368718,-0.33315054,0.007711623,-0.6633597,0.08554713,-0.00799337,-0.27862176,-0.17069851,0.30124432,-0.042978805,-0.3226266,0.2941817,-0.04817446,0.23169619,0.03673763,-0.18113059,0.12737092,0.20414354,-0.18329625,0.41956928,-0.4155658,-0.33167645,0.26300147,-0.111780375,0.104316935,0.39898565,0.20012213,-0.099801645,-0.11654822,0.051048107,-0.0500959,-0.13889536,-0.009729778,0.05377356,-0.06672405,-0.1918734,0.35711202,-0.5951489,0.16249205,-0.022915877,-0.006016258,-0.00058098184,0.15396765,0.053208087,-0.43063137,1.8838917,0.014999263,-0.34327254,-0.22800522,-0.35533565,-1.6476786,-0.3101465,-0.098802276,-0.47236532,-1.0673376,-0.41531867,-0.38306382,-0.036029734,-0.26211184,0.2394025,-0.3428288,-0.14061253,0.10822435,-0.4501779,0.09627755,0.097201526,-0.6730883,-0.11686515,0.67512566,0.019493125,0.051346585,-0.2684253,-0.04805902,0.24871695,0.05504974,-0.17158222,0.07939434,0.18331088,-0.47256607,-0.0144461095,0.21047029,-0.08786882,-0.09023872,0.1918262,-0.026325246,0.17180789,-0.008462239,0.089185864,0.16673416,-0.055593744,-0.019682324,-0.07698008,0.16300526,-0.13805777,-0.017292535,0.11008766,-0.010811949,-0.24864733,0.052475847,0.025024604,-0.03613462,-0.11820553,-0.030036062,-0.17232108,-0.00037746504,0.026844015,-0.0006211377,0.2167901,0.062124528,0.20118344,-0.4728234,-0.039790437,-0.006656956,0.010862299,0.029754274,0.09153176,-0.010467865,0.3861933,0.09308066,0.214441,-0.3911469,-0.23505342,-3.58221,7.6253826e-05,0.7179282,-0.54584694,-0.06953095,0.44101828,0.02051925,0.063513614,0.0087258965,-0.09352891,0.14837795,0.27331024,-0.3731504,0.24641418,0.13920467,-0.18420908,0.010131234,-0.0895897,-0.15148397,-0.45529407,0.39481604,-0.021373644,-0.49632987,-0.039198443,0.061658077,0.7682983,0.068657234,0.9741775,-0.0936152,0.0024209213,-0.040674627,-0.18796962,0.10441133,-0.037072588,-0.22931,0.010269555,0.079858325,0.1844167,-0.17489031,0.32200426,-0.2876929,0.21666245,-0.17715007,0.23601036,-0.13692665,0.039279938,-0.43322462,0.118424036,0.0067075863,-0.08044113,-0.22858153,-0.30310014,-0.060156748,0.060208224,0.1379333,2.1882532,-0.010157883,-0.19617769,-0.04101537,-0.13888389,-0.17193907,0.36103648,-0.39559895,0.76827776,-0.084055595,0.15114059,-0.13833542,0.23612253,-0.29942918,0.037823826,-0.008404136,0.19013205,0.004329689,-0.1820392,0.26102144,0.45916027,-0.09591355,-0.07311389,-0.057268992,-0.83330894,-0.21269113,-0.05533788,-0.07041977,-0.038326863,0.42615572,-0.0027542897,-0.10812998,-0.17126608,1.1935644,-0.31313878,1.9290625,0.05608771,0.049029473,-0.42012388,-0.014481733,0.015114283,-0.23384587,-0.00037051184,-0.22332785,0.031812795,0.0573199,-0.15383583,0.28234023,0.20643437,0.11303124,-0.2666332,-0.08784371,-0.00059544295,-0.06853053,0.43893474,1.8812385,-0.12124124,0.6844988,-0.13025773,0.14379698,-0.10565946,0.18995231,-0.036177795,-0.25160956,0.22946683,0.11724804,0.094485804,0.14061847,-0.14129362,-3.3529437,4.339957e-05,0.010666963,-0.44555804,-0.17849308,0.17504142,0.3579655,0.47339165,-0.11099795,0.27257353,0.08776297,-0.17324686,0.021700509,0.22678228,-0.087700814,-0.22958325,0.1372785,-0.011197001,0.37578556,0.0003060475,0.045690857,0.2804336,0.06716122,0.10477976,-0.055240482,0.41689542,0.25260863,0.09971232,0.37786928,0.049829774,0.0062705535,-0.0034083724,0.14195594,-0.06535891,0.7557463,0.12062963,-0.050207738,0.15092339,-0.28534332,0.023556776,-0.077997565,0.0762312,0.05194717,0.20552242,-0.076851524,0.11329772,-0.040598884,-0.56537545,0.41681474,0.23581748,0.0786737,0.047598332,0.14586215,-0.16384682,-0.02988419,0.027200535,-0.19999902,0.044677038,0.15085074,-0.19707114,0.089470975,0.28934136,0.257797,0.62548864,0.3187034,-0.50112677,-0.2513916,0.038881153,-0.33047462,0.24549127,-0.32935965,-0.03597141,-0.12999466,-0.28754312,-0.9515853,0.23254769,0.014254689,-0.88625723,1.3825309,0.36481258,0.021724805,1.1616008,-0.36166933,-0.7949608,0.35869566,0.203423,1.2019426,0.29171857,0.10363649,0.05863422,0.054357637,-0.054537546,0.037965238,0.048298605,0.032311425,0.07863142,0.06365354,0.089322895,-0.08403497,0.22705266,-0.19642016,-0.015552167,0.1493671,0.03655271,0.013077788,0.1994957,0.038654182,0.060200237,0.27389544,1.012234,-0.13333382,0.42345205,0.029911872,-0.12141725,-4.24431,-0.07857954,0.31780684,0.07556774,-0.037472025,-0.1827828,-0.08684553,0.2770076,0.2602528,0.19709806,0.11205988,-0.06805573,-0.16790757,-0.07153234,0.016663834,0.1720464,0.00812941,-0.17898409,-0.23895924,-0.032529064,0.42201474,-0.19976068,-0.3515907,0.1453751,0.070103,-0.09314515,0.10078318,-0.12956503,0.004988417,-0.4661015,-0.51552355,0.5391316,0.07944158,-0.09530808,-0.06575925,-0.06596511,0.35837135,0.038682505,0.033997886,-0.11671057,0.35366043,-0.0014991984,-0.03970487,0.014686091,-0.108634874,0.4963597,0.026693255,0.37585208,0.03176766,-0.12156925,0.0862082,0.6371373,-0.066764995,-10.1327915,0.007841855,-0.021817043,-0.46596956,0.083220765,-0.20731297,-0.31923023,-0.11556881,-1.0417962,-0.017159395,0.029580992,-0.36884815,-0.3289002,0.1962502,-0.042542145,-0.026163451,-0.04443854,0.2569757,-0.20630735,0.021367706,0.20588255,0.38293433,0.15158558,0.45090154,-0.37226012,0.2011141,0.056321695,0.025821865,-0.262411,0.25716335,-0.1157706,-0.4033614,0.1789415,0.019424453,0.38771635,0.22383083,0.13361005,0.064028084,0.099941604,-0.31569052,0.076053105,-0.029621564,-0.04274083,0.165972,-0.06439584,-0.21792604,0.108799964,0.2124619,-0.14822516,-0.10497753,0.07139587,-0.3007207,0.23510727,0.079621896,0.023925267,0.61168873,0.051807236,0.35883182,-0.076776914,0.17292191,0.023822933,0.24631733,0.13923763,-0.0001312822,-2.0342317,0.45680553,0.010172486,0.02119006,0.17585577,0.071429536,-0.042686377,0.2035538,-0.080422476,-0.32104582,-0.042439394,-0.6161018,-1.0122238,-0.17852584,-0.27977207,0.037216373,-0.005289818,0.13385776,0.82664084,0.062670186,0.1352248,-0.29619274,-0.13819052,0.0075247437,0.10823282,0.1785283,-0.17142406,-0.5233819,-0.08835655,-0.3439176,-0.20314828,-0.10470374,0.19595584,0.09313326,-0.34658793,-0.31146872,0.14686768,-0.070655584,-0.017448384,-0.13792399,-0.04793192,0.3589148,-0.25073817,-0.16015442,0.13596854,0.49472058,-0.06388879,-0.032425046,-0.2605928,-0.22158514,-0.25060406,-0.38660434,0.11406499,-0.22014672,0.016148875,0.2546734,-0.35376686,0.012844511,0.04195421,-0.2515932,0.64764607,-0.029643267,-0.35405803,-0.3459133,-0.20632222,-0.0986027,0.03274885,0.05189451,-0.12814191,0.22633862,0.071931645,0.28407964,0.08634555,0.16816987,-0.04520343,0.16713424,0.62605536,-0.17312142,0.14626136,-0.19023094,-0.09027934,0.15527698,0.11632686,0.044198766,2.081726,0.23925632,-0.05134339,0.24872333,0.10970055,-0.12025806,-0.51528203,0.027032215,3.1977017,0.40224457,0.12544847,1.3736045,-0.009287719,1
-0.01753132,0.017715383,0.20957357,0.20270944,0.3384025,0.32916856,0.85120696,0.09942849,-0.083026074,2.2438104,-0.08035357,-0.009730477,-0.40825868,0.086928524,-0.46542525,-0.09034288,-0.008649487,-0.11775326,0.06303292,0.0028168894,-0.26694298,-0.020929746,0.2621595,-0.23185325,0.22787713,-0.24590541,0.26108998,0.2071066,0.36429206,-0.008549068,0.15726593,0.1151743,-0.012163336,0.012027834,-0.35972565,0.018712051,0.023795076,-0.111561716,0.018666878,-0.11277447,0.10177043,0.31282562,0.35674578,0.13322645,-0.12918818,-0.24407946,0.086787,-0.012343071,0.095335156,-0.3847829,-0.006889388,-0.41401613,-0.07480044,-0.019955963,0.55889046,-0.107792154,0.035734203,0.2991378,-0.08319724,0.09246134,-0.47023243,-0.18275625,-0.073345885,0.299342,0.30591777,0.1602059,0.1397039,-0.3963463,-0.053843524,-0.10676713,-0.12685877,0.0070179775,-0.04982251,-0.11685842,0.024539003,0.03325765,0.23149621,-0.32373142,0.002484236,-0.0028859228,2.1185,-0.25381154,0.10128136,0.22271253,2.5320725,0.12961575,-0.22739656,0.09343238,0.136684,-0.24542436,0.026855491,-0.1937212,-0.07074769,-0.039831888,0.032464802,0.11743426,0.103646316,-0.10081279,-0.8250927,-0.024436723,-0.053681858,-0.062257446,0.19940934,-0.08344735,0.2976796,0.058367193,-0.098932356,-0.3882586,0.04425152,-0.14391552,-5.2639837,-0.086951,0.112483546,-0.04514979,0.29116088,0.22020887,0.10687088,0.042251967,0.11041791,-0.6029991,0.20273344,0.1294898,0.015434127,0.042358823,-0.093942404,-0.046003014,0.08895467,-0.055790838,0.20830137,0.15421732,-0.12631091,-0.00811635,-0.09422709,-0.35109043,0.16775675,-0.1854477,0.044319686,0.14119998,-0.13977101,0.023939166,0.010503737,0.08500102,-0.052108735,0.13467997,0.2618027,-0.043403156,0.014150247,0.09325218,-0.09506769,-0.062015645,-0.5961843,0.04895736,0.03446488,0.071191445,0.2740632,0.35061997,0.09237804,0.13490461,0.22264853,0.16150428,-0.042016387,0.28000522,0.27147543,0.13492261,0.083697736,0.10198431,0.066586584,0.21294764,0.28972876,-0.06702866,-0.10697071,0.07285497,-0.037604578,0.055411577,0.06640399,-0.09402623,-0.60211563,-0.14100146,-0.33124727,0.3300893,-0.14739235,-0.4352479,-0.050865963,0.90213895,-0.46128976,0.50293815,0.0036359308,0.22085837,-0.05378119,-0.08454669,-0.016765937,0.02747731,-0.001909405,-0.025091683,0.12191575,0.2077347,-0.13091041,0.09703616,-0.07489873,0.24843463,0.026062429,-1.2616134,-0.06553676,-0.07620352,0.12460591,-0.30654252,-0.06315574,0.04271178,0.0485531,-0.18718672,0.11936031,0.09703959,-0.119108856,-0.028053582,0.19348592,-0.018069597,0.31072715,-0.09385589,0.0009531788,-0.059747986,0.36604926,0.45621315,0.26450837,0.02214532,-0.18805358,-0.076245464,0.395341,0.11481041,0.07895631,0.16692975,-0.41794616,0.06170525,-0.40601406,0.06453505,0.013910425,-0.042111367,0.20401317,0.0544481,-0.23608291,0.09566331,-0.18520886,-0.033064663,0.013238687,0.002579303,0.019996725,0.009019531,-0.07509989,-0.17868075,-0.28414378,0.2616787,0.18856707,-0.16094875,-0.3004738,0.16141705,0.04724144,-0.14779556,0.27143705,-1.2105453,0.004398547,0.25927758,2.03084,-0.5049796,0.082910955,-0.65448385,0.3869588,0.8136601,-0.21837935,-0.09834806,0.029023983,0.2244472,0.178172,-0.012061955,0.043338154,-0.041226547,-0.15693289,0.6727066,0.14868656,-0.084378906,-0.041951507,-0.067466214,-0.09821373,0.08895798,-0.14943913,0.058159698,-0.26601654,0.17841521,0.0035568103,-0.16968982,0.17357972,0.27836466,0.027176742,0.0892371,0.065484665,-0.09964503,0.048868302,0.042819425,-0.0766159,0.1369774,-0.09315105,0.084072806,0.1482044,-0.101165235,0.21034524,-0.42831892,0.07302346,0.06996525,0.030101389,-0.03742943,0.13828535,-0.23758942,0.1269383,0.99350905,0.0017914735,-0.029553942,0.012455512,-0.26832557,-0.22817469,-0.228426,-0.017679341,0.36783412,-0.018652583,0.1646247,-0.09705996,-0.06308329,0.41497964,0.44404784,0.06462642,-0.068501085,0.27666178,-0.04447867,-0.00888771,-0.0752785,-0.110645905,0.22110005,0.47757846,-0.89259446,0.023054454,-0.06465099,-0.16802886,-0.08136785,0.09472822,0.029998071,-0.05443488,-0.36650744,-0.076204576,-0.15904562,0.18908376,0.0018872321,-0.16320737,-0.020922683,-0.15414134,0.4592527,0.09635485,0.15925182,0.59969795,0.016294055,-0.07280864,-0.045094028,-0.08405251,0.15368898,0.04135105,-0.04625172,0.16086371,1.4269699,0.040345702,0.05017208,0.046043187,0.022846334,0.16849789,-0.53663605,0.7988413,0.042006843,-0.10105809,0.17862746,0.11046159,0.416168,0.0028997567,0.063578635,0.5288453,0.002532905,0.02990226,0.07894805,-0.16604838,-0.25060883,-0.0011396967,-0.08897043,0.4401984,0.10707192,0.0015535225,-0.21040858,-0.21289502,0.10676167,-0.29955113,-0.06816782,0.14638193,0.086303614,-0.010563221,-0.30907115,-0.4633441,-0.15828025,-0.033732507,-0.10377255,-0.37686542,-0.24240221,0.402319,-0.0047340915,-0.21972793,-0.10602751,0.034082808,0.053902388,-0.151593,-0.11843076,-0.12772626,2.7729375,0.0755353,-0.23895939,-0.21107197,0.099289514,-0.089459166,0.7834933,-0.10537994,-0.066908665,0.08393368,0.025487484,-0.06123729,-0.20381264,-0.1996902,0.06507033,0.2056755,-0.14338787,0.17682591,0.0029520467,0.03653692,-0.1306052,0.28892368,0.07776986,0.21499678,0.060675725,-0.07945722,0.063271835,0.39045632,-0.17177519,-0.3200713,-0.46896738,0.09012678,0.22985111,0.073872074,-0.0003568828,-0.04715188,0.40590167,0.05050338,-0.2933627,0.02884004,-0.562052,0.09750584,0.043490678,-0.22481608,-0.13169587,0.2233451,-0.0051521366,-0.23545831,0.2178833,-0.03771424,0.39269388,0.042392522,-0.1341375,-0.04266786,0.092394315,-0.5565828,0.42226687,-0.33827436,-0.28618193,0.17936598,-0.11713764,0.073397055,0.27531,0.26403588,-0.14442027,-0.104661345,0.06552215,-0.106560685,-0.12005899,-0.07955554,0.02365473,-0.06966834,-0.27092803,0.40173113,-0.6383087,0.12482839,0.01568687,0.005673482,-0.0006569137,-0.011165597,-0.016819313,-0.32983166,1.9505674,0.018057384,-0.110064745,-0.24500485,-0.025819272,-1.6801406,-0.27168164,-0.013178293,-0.2519175,-0.90789413,-0.37349463,-0.30418256,-0.035900302,-0.17243205,0.21343955,-0.28085625,-0.078039795,0.16000715,-0.5546645,0.14883132,0.078567386,-0.5205898,-0.113767736,0.8271334,0.11228831,0.024313666,-0.39968407,-0.030977113,-0.06408921,-0.03297396,-0.1552036,0.15829635,0.15427467,-0.27879202,-0.014078379,0.23099989,-0.06911236,-0.13760448,0.13302068,0.1368448,0.16536424,0.0813408,-0.018280432,0.17089328,-0.08340827,-0.02211225,-0.03127731,0.19625361,-0.17489342,-0.080375925,0.09924168,-0.029931985,-0.26938275,0.02182874,0.22322214,-0.028061097,-0.13103823,-0.045155976,-0.17370476,-0.005890513,0.0073489547,-0.00052919606,0.11548281,0.0075514466,0.23365474,-0.3013267,0.011943333,0.017639823,0.14641088,-0.03232695,0.053860873,-0.06299497,0.38339227,0.075236514,0.15139881,-0.4846575,-0.3757307,-3.4059036,7.415781e-05,0.41876006,-0.52368736,0.09135103,0.18567425,-0.08645207,0.095462516,0.111115895,0.023739204,0.11202854,0.19033644,-0.82551575,0.26887038,0.121778004,-0.2911316,0.06383239,-0.10630084,-0.12738329,-0.27292603,0.22730076,-0.026002813,-0.4289654,-0.06216483,0.054622717,0.7141751,0.07791321,0.31353676,-0.06437524,0.0023584529,0.0018957555,0.037064046,-0.22901243,-0.10527324,-0.07681209,-0.057456616,-0.023750111,0.23549326,-0.24076392,0.16059446,-0.17515624,0.15625103,-0.1545099,0.25688547,-0.111465655,0.1809805,-0.38034278,0.18226942,0.04524486,-0.1377391,-0.13448536,-0.23590514,-0.10247578,-0.027920928,0.080882475,1.1969831,-0.017203748,-0.12699746,-0.053980738,-0.083155125,-0.13919806,0.38734072,-0.41154176,0.5804433,0.0028288364,0.047751643,-0.12897478,0.40081155,-0.013844132,0.0020863097,0.015970616,0.09175572,-0.070833184,-0.18712881,0.23092866,0.5710838,-0.12012723,-0.08368392,0.043260343,-0.9347193,-0.35078242,-0.050416194,0.055977337,0.0064602867,0.17251553,0.06689832,0.11406256,-0.1380273,1.2882526,-0.22730193,2.1155457,-0.09201319,0.02915635,-0.63327664,0.08018394,0.0066369884,-0.072999716,-0.00041054667,-0.30501062,-0.102726676,0.101444624,-0.13562718,0.10727173,0.15282947,0.053686563,-0.10052374,-0.04057686,0.0018001422,-0.11725712,0.49579474,1.9144418,-0.17118077,0.6084753,-0.101223454,-0.1764999,-0.1628932,0.15341192,-0.017266536,-0.21693113,0.22057965,0.026092052,-0.030125462,0.22246906,-0.092972726,-1.7969277,4.5331664e-05,0.046309527,-0.52576613,-0.33196783,0.28438684,0.26226774,0.3406915,-0.028121341,0.29381287,0.07692147,-0.21316934,0.16775438,0.27562058,0.042046685,-0.15319324,-0.024685062,-0.04014007,0.3764502,-0.04719352,-0.024063725,0.3626407,0.07194011,-0.015532428,-0.06613463,0.2556625,0.23656839,0.06017998,0.30364516,-0.00079736114,0.00553127,-0.008916207,0.12374072,-0.082530916,0.60967606,0.059965648,-0.0022238868,0.12750497,-0.10922472,0.009451817,-0.13152054,0.10737954,0.079503454,0.109980874,-0.0148300715,0.12014772,0.037992194,-0.58356106,0.42086786,0.28101993,0.10179504,0.065177605,0.058850985,-0.1403951,0.056056783,0.0045675933,-0.10527507,0.056726187,0.124452166,-0.28388244,0.053344056,0.1872786,0.35792702,0.35089615,0.33860016,-0.3413404,-0.16364971,0.047583178,-0.22055963,0.1968342,-0.24301617,-0.17374161,-0.13735236,-0.137889,-0.92527777,-0.051722314,0.007345438,-0.60187626,1.2006098,0.27181324,-0.04681331,1.2786056,-0.20899183,-0.7800079,0.19527109,0.2653957,0.7123781,0.40744662,0.21352032,0.20805666,0.14110532,0.0026572794,-0.026354121,0.021609865,0.11880529,0.22166309,0.056711324,0.0750465,0.09949526,0.38378862,-0.1327208,-0.07846835,0.1959162,0.084694736,-0.019372508,0.22945338,0.11328314,0.058264133,0.57535756,0.85012496,-0.10209346,0.2657205,0.039166186,-0.012005044,-3.3706963,-0.07862678,0.8467059,-0.047573037,0.0025941012,-0.12589315,-0.046564065,0.29375425,0.24062337,0.18196464,0.17327422,-0.043338295,-0.1072474,-0.028411396,0.029408183,0.23367268,0.12765276,-0.21062961,-0.17129676,-0.07062493,0.30049196,-0.23741056,-0.32317483,0.17658484,0.005172439,0.028005272,-0.022535965,-0.16304189,-0.0012856498,-0.19835538,-0.44892743,0.300209,0.0027578212,-0.084585994,-0.053137116,-0.1031448,0.26860446,0.08219029,-0.010427583,-0.12221494,0.2851126,0.07446959,-0.024036601,-0.036939204,-0.15301418,0.57167554,0.04794632,0.33807024,-0.011007287,-0.12495223,-0.004829146,0.44957533,-0.13103974,-9.299677,-0.020218939,-0.09661204,-0.3773041,0.09151989,-0.29092407,-0.11786851,-0.10128917,-1.6311505,-0.01332783,0.025598321,-0.37955764,-0.13760144,0.28749138,0.0019168817,0.15318601,0.00715822,0.2627311,-0.06440972,-0.16974527,0.27801543,0.27357697,0.18216053,0.3873667,0.3804306,0.2616809,0.0632917,0.052150004,-0.2710317,0.25049338,-0.12839183,-0.50083184,0.14366756,0.05959864,0.39911947,0.1659102,0.11059399,-0.0006181523,0.0870852,-0.2688433,-0.0022790488,0.00071091205,-0.04997213,0.2571369,-0.10164231,-0.18017767,0.08139299,0.08988793,-0.13249545,-0.08570695,0.06731124,-0.40012848,0.2249185,0.0687414,-0.0980358,0.65614814,0.07539752,0.29143956,-0.09120244,0.19714856,0.005373559,0.35475385,0.11424707,-0.051344506,-2.0239043,0.4540485,0.042379584,-0.04316713,0.11790502,0.05900942,-0.059003323,0.11142162,-0.14163838,-0.31597587,-0.021566693,-0.88659054,-0.7966685,-0.07920377,-0.17165822,-0.019522779,-0.14130555,0.08361824,0.89914477,-0.05229795,0.03954045,-0.0763914,-0.034112565,-0.054670326,-0.05101702,0.14252616,-0.17512488,-0.48016846,0.01236774,-0.2564943,-0.13478602,-0.13507183,0.17755425,0.08410883,-0.21982732,-0.019311488,0.28270054,-0.10824774,0.019925248,-0.18228877,-0.041156907,0.53025836,-0.2362649,-0.27948853,0.20058662,0.5180981,-0.040348914,-0.026957437,-0.28554955,-0.23812103,-0.16314465,-0.32451296,0.10927732,-0.10013723,-0.0010406207,0.16640685,-0.19511168,0.033846684,0.05926721,-0.06000193,0.49630743,-0.14397804,-0.38663265,-0.3478892,-0.14753267,-0.06814501,0.02096717,0.004888214,-0.15441555,0.15043935,0.18714347,0.28929132,0.1718535,0.056015156,-0.008363182,0.16284338,0.55118793,-0.06831196,0.06315823,-0.18052647,-0.0383026,0.22890104,0.03383413,0.088443324,1.613023,0.12251991,-0.035153903,0.16452323,0.1257947,-0.1895288,-0.5731492,0.02189715,2.7655153,0.28298172,0.02921611,1.2427984,-0.009074025,0
-0.07240288,0.019370269,0.28617465,0.24221176,0.21206808,0.21211092,0.941237,0.20257692,-0.082206994,2.164972,0.051271547,-0.036109656,-0.35505864,0.06931549,-0.27356112,-0.09774439,0.06151824,-0.049155146,-0.07907594,0.026241839,-0.41765535,-0.018509142,0.3869149,-0.12848382,0.21034059,-0.32116282,0.35604143,0.26764736,0.31702417,0.0482428,0.23366445,0.23129317,-0.049294747,0.027441818,-0.38771775,0.04604917,0.025621735,-0.05542773,-0.027466161,-0.05922716,0.073718205,0.23667541,0.59924763,0.02909115,-0.04872196,-0.16083622,-0.01759798,-0.06932263,0.22675692,-0.43284392,-0.06481954,-0.38518783,0.049340606,-0.025700247,0.63783526,-0.14469685,-0.030000638,-0.010412067,-0.07269658,-0.056870684,-0.5431635,-0.18640198,0.027819522,0.31348196,0.3559024,0.17939052,0.22678478,-0.31586576,-0.06730333,-0.06252459,-0.16348207,0.008785054,-0.08559573,-0.029085271,0.053409897,0.020653833,0.3149839,-0.27696705,0.004654145,0.18608528,2.2963133,-0.32040942,0.06771655,0.21599652,2.655886,0.11620502,-0.28332573,0.12962678,0.035313345,-0.086081296,-0.02759628,0.005533144,-0.28101933,-0.048924297,-0.09404406,0.12977865,0.12915207,-0.1354802,-0.70207065,0.03179372,-0.07595174,-0.111460656,0.24692419,-0.12882642,0.3544215,0.048011303,-0.18000165,-0.28243914,-0.023713512,-0.159051,-4.31055,0.050840676,0.035812322,-0.03828878,0.34207997,0.17342934,0.09168332,-0.023006048,0.105725154,-0.57894886,0.13334286,0.08165052,-0.019518092,0.026366469,-0.12506376,-0.03297092,0.025622614,-0.07597094,0.14853899,0.29097947,-0.07027728,0.0011320412,-0.17824703,-0.25600222,0.12222454,-0.24528216,0.03282094,0.41399735,-0.096401684,-0.023605347,0.02422414,0.12895174,-0.03099794,0.0902778,0.16929442,-0.07609002,-0.030393934,0.048072338,-0.06734198,-0.024985015,-0.705421,0.0679826,0.043234415,0.103543274,0.17590395,0.146199,0.10317144,0.21875413,0.12919453,0.10535728,0.025438838,0.20094386,0.1669753,0.16002731,0.13235287,0.2456376,0.07923615,0.33230534,0.28920802,-0.1718742,0.049522564,0.12212455,-0.0043407213,0.12915055,0.15333739,-0.13297336,-0.53009886,-0.15682448,-0.44518816,0.33431774,-0.22115055,-0.46128848,-0.121758245,0.67406464,-0.45659062,0.23413712,0.054485694,0.17313483,-0.059706207,-0.078108765,-0.022769216,0.12918457,-0.0022163503,-0.047642045,0.03762223,0.16533834,-0.08138335,0.08986682,0.022621138,0.25137204,0.036200974,-1.1355107,-0.06772288,-0.11214588,0.046369433,-0.21881962,0.052407913,0.10125779,0.030237272,-0.14873433,0.120623186,0.063175276,-0.047169507,-0.06121532,0.1381246,-0.07530221,0.337012,-0.055057094,0.0008501657,-0.07749382,0.5110826,0.42308968,0.19056007,-0.11107978,-0.11819495,-0.07260519,0.104846925,0.14924927,0.2625206,0.17419,-0.4322127,0.039930508,-0.36686143,0.023685787,0.039133742,-0.060554564,0.16373754,0.041421868,-0.35601336,0.07207269,-0.27503157,-0.0996678,-0.008986916,0.002147735,0.019456081,-0.029447086,-0.03474079,-0.23460329,-0.31310153,0.28568864,0.12339013,-0.17639731,-0.27647197,0.26685494,-0.0024023503,-0.2160307,0.41353315,-1.0407009,-0.06231445,0.20370494,1.7448138,-0.5605196,0.15581061,-0.94681835,0.50387096,0.6184959,-0.24450323,-0.11261634,-0.2626667,0.1489339,0.30089295,-0.012364101,0.16155125,0.01890798,-0.1206777,0.5671695,0.10152973,0.014600739,-0.15312907,-0.049111992,0.15592843,0.103933804,-0.3083656,-0.033254974,-0.2795027,0.14645822,0.06918454,-0.11643554,0.2425883,0.19080497,0.029215986,0.14611353,0.06438245,-0.1455942,-0.03732551,0.024448387,-0.13048002,0.15886211,-0.02211229,0.0037121302,0.11994091,0.0015716488,0.35598207,-0.36073893,0.007493116,0.03582825,0.02405458,-0.073024526,0.119792014,-0.25883526,0.19117069,1.01788,-0.090850964,0.059987035,0.091367826,-0.18283135,-0.34310472,-0.28576,-0.054965198,0.2993248,-0.016240254,0.15753448,-0.05726316,-0.02778307,0.5137618,0.38096762,-0.18783975,-0.13967326,0.28830945,-0.17686224,0.027665708,0.03578096,-0.1500414,0.15947393,0.4192753,-1.0047746,0.01924949,-0.06289951,-0.14254999,-0.10176648,0.16477612,0.056630395,-0.040643,-0.3828481,-0.08863722,-0.12099341,0.12693414,-0.25245544,-0.13384447,0.047396004,-0.14845338,0.48883528,0.063635774,0.1075551,0.40700957,0.017725702,0.069039576,-0.05566165,-0.20801832,0.07669041,0.004747823,-0.035614237,0.13223112,0.916445,0.063141584,0.05011711,0.07245107,-0.026865512,0.1922661,-0.3477875,1.1901225,0.048917532,-0.027815856,0.14241265,0.049066078,0.5801121,0.041911133,0.056313016,0.6576424,0.002642987,0.0038633854,0.04377751,-0.15699288,-0.34345636,0.0072381757,0.06780861,0.5074422,0.048566654,0.0015552489,-0.14306715,-0.19098617,0.116854124,-0.33332315,0.025361698,0.14967874,0.08627729,-0.013345808,-0.43385464,-0.46195236,-0.3413082,-0.057393655,-0.02695654,-0.37785524,-0.2720367,0.14516138,-0.02069652,-0.37209412,-0.050111763,0.13766272,0.001104258,-0.18660827,-0.06643698,-0.4088918,2.608778,0.016929902,-0.16071706,-0.12196494,0.03760255,-0.091068335,0.7701286,-0.21237978,-0.07887997,0.049236298,0.049561642,-0.03478779,-0.06324907,-0.016663719,0.089686014,0.17664687,-0.12555458,0.16865799,0.02249641,-0.010156985,-0.017927997,0.2540542,0.085590124,0.1416592,0.06946625,0.018180847,-0.0385392,0.27575263,-0.22762248,-0.3842668,-0.21483386,0.06384528,0.14925319,0.16022098,-0.029018939,-0.058119275,0.37632227,0.047433235,-0.48698774,0.0069000535,-0.4611083,0.041594673,-0.07759133,-0.10699478,-0.08986381,0.20182544,0.034266382,-0.27086198,0.2000662,-0.035407044,0.1424006,0.10172906,-0.11843267,0.055400543,0.10615063,-0.46102807,0.35074952,-0.43999785,-0.36101884,0.2233735,0.036691606,0.019594345,0.35455567,0.078644104,-0.041468695,-0.1292625,0.014501738,-0.24818009,-0.21104424,-0.036409333,0.15080115,-0.010832168,-0.15679833,0.48793763,-0.5911286,0.1653067,-0.08980259,-0.009778097,-0.0006683877,-0.025972113,0.008335348,-0.26393336,1.9762542,0.08389431,0.056196563,-0.29147202,0.13483053,-1.7164838,-0.19209069,-0.030766387,-0.17908864,-0.9348343,-0.22647399,-0.29722285,0.10228108,-0.17152289,0.16881812,-0.40882635,-0.031530567,0.12243031,-0.6226627,0.053090654,0.10071266,-0.6240606,-0.0428946,0.98297966,0.0691933,0.008611361,-0.48710814,0.0069194306,0.13011917,-0.016694933,-0.12568422,0.21511799,0.1728198,-0.26507586,-0.01645938,0.123202965,-0.075117216,-0.02122665,0.049746666,0.2314053,0.20735344,0.08406669,-0.01723653,0.19311199,-0.07248741,-0.06976715,0.024373978,0.120729394,-0.10638188,-0.110584185,0.08449498,-0.03944274,-0.29295036,-0.047226563,0.061324887,-0.12956671,-0.08915163,0.049397476,-0.08352475,-0.010803226,0.03664362,-0.00040879048,-0.022148766,-0.025505414,0.27792227,-0.54425347,-0.050977346,0.0030729473,-0.0204531,0.033370864,0.07794838,-0.0569342,0.37216341,0.07832315,0.19355269,-0.45414072,-0.25873443,-3.0287719,7.889537e-05,0.35254693,-0.6426314,0.16389464,0.016981483,-0.07331684,0.04259947,0.16771467,-0.038789943,0.17919526,0.053102892,-0.22212848,0.29595155,0.13762416,-0.2916419,-0.059099976,0.049835548,-0.19034904,-0.07333496,0.38678434,0.017954463,-0.36582866,-0.11743593,0.039226018,0.6263713,0.12356156,0.3957307,-0.07010345,0.0023018653,0.097382665,0.029280346,-0.26477563,-0.115738064,0.024062408,-0.066741824,-0.05647691,0.23512053,-0.23873681,0.10040636,-0.046810985,0.08877628,-0.22070244,0.2023543,-0.035464134,0.10272153,-0.3799582,0.19353643,0.042927526,-0.121637754,-0.04641635,-0.2960546,-0.12183028,-0.16680473,0.066427134,1.3971486,-0.0064668953,-0.12054677,-0.030997876,-0.059777748,-0.124284334,0.3940134,-0.4562413,0.5550786,0.063809305,0.071908616,-0.22218977,0.46692103,-0.115166724,0.0819031,0.022216404,0.04508641,-0.054746885,-0.17820975,0.21968032,0.7958106,-0.10672424,-0.1267198,0.14411408,-1.0752667,-0.20204723,-0.08408959,-0.046734635,0.10631419,0.48191983,0.06415699,0.035497703,-0.08240589,1.4092555,-0.358481,1.9858191,-0.21526124,0.004805878,-0.60817266,0.082637586,-0.062137388,-0.003833443,-0.00038918343,-0.30100083,-0.14097358,0.08073724,-0.15079454,0.3301956,0.11273146,0.12707648,-0.1489365,-0.07395902,-0.024900056,-0.11261933,0.4483946,1.7505298,-0.037966274,0.57480246,-0.031024385,-0.157802,-0.14599133,0.18546021,-0.042945907,-0.15420401,0.15519013,-0.09977626,0.05566615,0.35127002,-0.113907665,-2.8095274,4.9329108e-05,0.11159084,-0.7050204,-0.33462015,0.32352346,0.253218,0.45953733,0.14293784,0.30192477,-0.00024701748,-0.17902568,0.27382988,0.26325622,0.017052636,0.17174649,0.07779159,-0.0047423504,0.4617855,0.061254874,0.11690542,0.59776783,-0.01946507,0.011280242,-0.058111213,0.15572233,0.20861198,0.03756536,0.26249295,0.06663926,-0.11538192,-0.072665,0.09209739,-0.05120895,0.8189858,0.036466725,-0.009409248,0.20645937,0.18780154,0.0029216013,-0.09171123,0.22245842,0.0889138,0.014263768,0.0033868477,0.14107825,0.099981055,-0.8961487,0.49218875,0.25733817,0.13065727,0.043153677,0.03169416,-0.03406559,0.045872964,0.1426322,-0.172752,-0.0050403103,0.15286708,-0.19367673,0.2622233,0.46609968,0.2963481,0.16218944,0.32152647,-0.22725822,-0.13673668,0.05177157,-0.16267347,0.17632928,-0.020537328,-0.045953758,-0.017303213,-0.05717945,-1.3372066,-0.061415043,-0.015114963,-0.5395935,1.1867156,0.2902593,0.04188495,1.2023652,-0.17056209,-0.82653534,0.23956528,0.22092868,0.7085612,0.3101074,0.5427857,0.20396,0.11525354,0.1379812,-0.072309,0.0053696744,0.15807116,0.13319692,0.14904752,0.03515616,0.104362756,0.28115353,0.004881561,-0.03453548,0.18777516,-0.034672208,-0.021542117,0.18266296,0.02987457,-0.05116722,0.6486184,0.7801286,-0.1947735,-0.0037392974,0.040032063,-0.012494519,-3.320101,-0.050882917,0.34857297,-0.17057692,-0.06651862,-0.13792779,-0.1225477,0.21666245,0.2607432,0.18937318,-0.017178461,-0.0034858398,0.04177956,0.10897663,0.022688758,0.23788597,0.06768413,-0.12644255,-0.15086405,-0.013381079,0.337361,-0.17748237,-0.37483507,0.02895738,-0.06163104,-0.021300994,0.07915992,-0.089884564,-0.024198025,-0.32485974,-0.38897318,0.0668628,-0.00420909,-0.10217026,-0.03336533,-0.04039727,0.3043294,0.1085994,-0.030763134,-0.1392991,0.1718211,0.103070125,-0.0072113853,0.08178797,-0.08444817,0.54266214,-0.03810136,0.51834166,0.033284254,-0.09375013,0.16871881,0.65059054,-0.15397589,-8.822915,-0.10383245,-0.13916543,-0.33247772,0.14436257,-0.3537985,-0.14806052,-0.09478429,-0.8843043,-0.0019157082,0.022721592,-0.28576046,-0.120169595,0.27220753,0.13819452,0.070681535,0.17869683,0.21434736,-0.081486315,-0.102278486,0.27791998,0.16439459,0.16025403,0.4227852,0.10371485,0.23159057,0.0647707,0.0041718036,-0.13812032,0.22283255,-0.0652129,-0.45922586,0.1305868,0.028752118,0.424221,0.3627572,0.094887815,0.16620916,0.0051860474,-0.33272925,-0.0498153,0.019426003,-0.09439652,0.24624117,-0.111249134,-0.16496496,0.08075516,0.15182747,-0.1716859,-0.07067142,0.044350307,-0.32180905,0.2494688,0.092474476,-0.32470167,0.7231055,0.05998478,0.18011394,-0.057827137,0.24510905,-0.028744265,0.4237666,0.08267988,-0.08642964,-2.030396,0.2833987,-0.004877571,-0.09038098,0.06056252,0.09684526,-0.04628516,0.107253715,-0.11633681,-0.22234946,0.08739324,-0.80256,-0.72809875,-0.1407513,-0.16750354,0.0017462666,-0.075557046,0.10649389,0.7214891,0.01867637,0.06708735,-0.17057578,-0.07114279,0.034053627,-0.033375025,0.10898521,-0.06427285,-0.45079035,0.2124812,-0.123545036,-0.13409442,0.08905196,0.104741335,0.06420296,-0.13653088,0.1502423,0.24630739,-0.09192914,0.10322256,-0.25799882,-0.058793977,0.4846509,-0.26181334,-0.32344776,0.15064092,0.3710996,-0.032942254,-0.10760903,-0.28213325,-0.2779095,-0.26281214,-0.38040665,0.07326523,-0.11207742,-0.047135644,0.15297154,-0.3608982,0.031681955,-0.011952895,-0.10611816,0.33709714,-0.17855603,-0.5713912,-0.24556515,-0.12471554,-0.0931836,0.038822696,-0.06895773,-0.09451691,0.055548802,0.15121618,0.17154509,0.19781533,0.004443256,-0.02701489,0.18132573,0.6514914,-0.12383121,-0.14750087,-0.16621539,-0.034073018,0.320384,0.11527138,-0.019156903,1.8851243,0.09151259,-0.01615201,0.14655858,0.16926026,-0.1837286,-0.34840006,-0.04203561,2.747751,0.21536893,-0.053012937,1.5450267,-0.05140678,0
0.006200418,-0.033217803,0.22661951,0.20507762,0.27533472,0.0059976876,0.012383342,0.025786567,0.031260855,1.8781979,-0.050851885,-0.057365477,-0.47620422,0.16706114,0.21758106,-0.024985038,0.062373936,-0.038068704,0.078889,0.045683596,0.06367876,-0.077229075,0.14871529,-0.2897809,0.25990254,0.04824873,0.31006494,0.04567475,0.46404684,-0.0074883923,0.054333847,0.05240567,0.012288564,0.0073933415,-0.13534243,0.08075528,0.11343339,-0.048316285,-0.118629,-0.041214123,0.110126466,0.5396916,0.11857736,0.103744745,-0.11101629,-0.31056473,0.02265726,-0.13692409,0.07190606,-0.4177261,0.071854256,-0.3630082,0.06466584,-0.09775419,0.37084714,-0.106147766,-0.04010085,-0.030583888,0.054453317,-0.13295692,-0.29279763,-0.15144603,-0.1318353,0.38544333,0.38115215,0.10420942,0.10556409,-0.3708215,-0.24107808,-0.03523338,-0.14900114,0.082898006,-0.14858669,0.0027057864,0.008957725,-0.026298001,0.21349701,-0.2352894,0.05924702,0.16709256,2.402433,-0.2526914,0.12109713,0.098319754,2.414384,0.09964472,-0.03930807,0.090334356,0.15698227,-0.7090914,0.0226084,-0.053887963,-0.15316163,-0.03756549,0.07211356,0.18386716,0.055060394,-0.3408659,-0.78559035,-0.0347926,-0.04077497,-0.0390867,0.0016608909,-0.29914638,0.20914997,0.1305083,-0.13159853,-0.0033378862,-0.070273794,-0.09111312,-3.948492,-0.10166162,0.14711522,0.012909781,0.2900225,0.06458292,-0.027257085,0.055787474,0.031294443,-0.4007511,-0.0031039556,0.15679368,0.019112276,0.055794097,-0.06621937,0.21377495,0.052600577,-0.14876196,0.27604467,0.24139382,-0.003254339,0.08129844,-0.17777355,-0.2781191,0.2093415,-0.2258072,-0.03702999,0.14685419,-0.20986816,-0.013860356,-0.0021418934,-0.01348816,-0.15919298,0.22704904,0.152493,-0.10863437,0.120116726,0.06150609,-0.118248664,-0.11948591,-0.19202285,0.12309995,0.03477943,0.07931411,0.30832964,0.22590663,0.089902624,0.0053100362,0.010543227,-0.09464828,-0.0401097,0.23335044,0.24757427,-0.017318122,0.03705895,0.26653987,0.038764317,0.21887031,0.42531672,-0.20145474,-0.013931907,0.22878458,-0.13243498,0.1432882,-0.45300555,0.050187267,-0.7436607,-0.03599301,-0.23670614,0.27584133,0.43886864,-0.01817463,-0.14113167,1.0516683,-0.2857145,0.38877687,-0.023567911,0.08617366,-0.07166527,-0.07574278,0.04707209,-0.035204336,0.016681112,0.17592044,0.11935657,0.0956194,-0.28966367,0.080483235,0.13305846,0.25649822,0.049421202,-0.9476962,-0.014773108,-0.031047055,0.16544619,-0.1128332,-0.091134444,0.06630285,0.13417917,-0.16252515,0.12236446,0.14333543,-0.0068908334,-0.1062208,0.09995183,0.047379427,0.37046823,-0.011398651,0.00087813457,-0.08721657,0.16507788,0.30032003,-0.10199976,-0.11790818,-0.06938304,-0.09394914,0.5340651,0.096257105,0.14962849,0.30532607,0.057875916,0.082841456,-0.49642712,-0.04297413,0.027295211,-0.008402765,-0.008617535,0.079528004,-0.15175745,0.09762059,-0.4089311,-0.038930148,-0.066098645,0.002767133,0.013491262,0.017603226,0.08315516,-0.17998797,-0.09202378,0.37321672,0.13770291,-0.033114232,-0.22851196,0.11888747,0.0421057,-0.15704967,0.32589573,-0.6294531,0.08588702,0.2916329,1.2356794,-0.10865181,0.5154493,-0.42007738,0.75472605,0.6330123,-0.34448272,-0.20972878,0.011153918,0.118263446,0.16590217,-0.1244601,-0.14826497,0.016736837,-0.15594827,0.40499562,0.051654756,0.05815471,-0.117143765,-0.08181378,0.10496788,0.068764776,-0.099424325,-0.017689548,-0.45531487,0.216187,0.124957174,-0.2661715,0.3143109,0.2086727,0.027968623,-0.024054267,0.025319157,-0.09847623,0.100801766,0.06643661,-0.048168078,0.102317505,-0.047499515,0.27558488,0.025003418,-0.30534267,0.11966363,-0.2576313,-0.007531371,0.13205484,-0.09744179,-0.021166995,0.2219663,-0.29689485,0.3937656,0.6958728,0.06580555,0.14367686,0.12461462,-0.45065334,-0.39892644,-0.10325129,-0.2113785,0.29781365,-0.14666036,0.043879867,-0.082862675,-0.09500481,0.58049166,0.3351279,0.22091058,0.02654241,0.055346504,0.002203554,-0.030202493,-0.05392711,-0.107474774,0.21136129,0.3765523,-0.10604997,0.08450353,0.18247952,-0.37968582,-0.22228803,0.12968932,0.013855219,-0.06849378,-0.34178966,-0.14536841,-0.10533045,0.38714772,0.25126892,-0.12280899,-0.1693914,-0.20633686,0.52860516,0.11211365,0.13425402,0.7750715,-0.020811394,-0.06228236,0.05516544,-0.03994538,0.27569777,-0.043397576,-0.053824313,0.07788728,0.99444675,0.0622295,-0.018711302,-0.0887873,-0.002537997,0.16968971,-0.8179387,0.5602762,0.025223747,-0.21565618,-0.09947956,0.109983124,0.36918432,0.37221697,-0.012286898,0.40761688,0.0025932768,0.0669628,0.062488124,-0.13159484,-0.1567716,-0.07204782,-0.019886978,0.4030809,0.09295,0.0014141232,-0.26804978,-0.38316515,-0.006803505,-0.30066437,-0.11867311,0.13594115,0.10300954,-0.0088177845,-0.16622412,-0.8377224,-0.24134369,0.08534995,-0.025677733,-0.31249171,-0.28597546,0.012854204,-0.004240893,-0.025841333,-0.021134619,0.19459048,0.047772884,-0.14611384,-0.12604806,-0.16802102,2.5982275,-0.0112406425,-0.24087948,-0.20880085,0.106609255,-0.31450617,0.41227996,-0.4700129,-0.01815368,0.11605421,-0.049871854,-0.08450046,0.08406383,-0.08208125,0.22745073,0.24476354,0.17574245,0.13224374,-0.08006151,-0.008526538,-0.18456402,0.4226788,0.10634814,0.18059629,0.07832723,-0.7017666,0.20762877,0.5245381,-0.23748702,-0.6079241,-0.47227448,0.038089115,-0.12061162,-0.13405338,0.20667562,0.046583004,0.15916419,0.031233292,-0.39592808,0.13182506,-0.3567567,0.04300861,-0.25691596,-0.10555127,-0.051165644,0.34939307,0.010876689,-0.27931443,0.3474162,0.17466386,0.2500641,0.033697203,-0.13853352,0.17963712,-0.018304989,0.11992702,0.3610556,-0.39104983,-0.11783515,0.16261528,-0.28017795,0.16144837,0.30383036,0.055592112,-0.085881785,-0.049630336,0.14406718,0.005958138,-0.014624268,-0.08343315,0.22920659,-0.04765427,-0.1600315,0.15271218,-0.49926865,0.10543321,0.007867366,-0.031013345,-0.0006233461,0.00070618466,-0.13689421,-0.4086731,1.6276147,-0.18256414,-0.4493262,-0.17171559,-1.0234373,-1.2818209,-0.30724847,-0.034349117,-0.43679917,-0.8748737,-0.2320337,-0.18958172,0.032838203,-0.07802335,0.2988183,-0.4131322,-0.28836322,0.052040465,-0.51670766,0.07635136,0.040487677,-0.44127288,-0.1707831,0.9117185,-0.010582633,-0.040657427,-0.13955429,-0.047296345,0.031413436,0.19525063,-0.09855703,-0.2029691,0.19234452,-0.4214655,-0.002717685,0.058780916,-0.08004477,-0.16211146,0.25798443,0.123187184,0.073572285,0.0972023,0.01318286,0.0006701574,-0.08192529,-0.088873394,-0.14906947,0.40203434,-0.28927058,-0.041042022,0.15806675,-0.016169406,-0.31224868,0.08600844,-0.15939915,-0.10794247,-0.09630503,-0.029290391,-0.12749362,0.01516881,0.09751127,-0.0009634564,0.09610356,0.056346186,0.17617631,-0.38749498,0.083611414,0.012574866,-0.04291086,0.01320861,-0.08254865,-0.14089143,0.20955384,0.051789887,0.1290531,-0.269497,-0.068559185,-2.558086,9.138326e-05,0.22616595,-0.2596957,0.015555412,0.28112647,-0.0027877688,0.16524597,0.09248753,0.15837708,0.08210385,0.1526695,0.5142998,0.28428745,0.1502185,-0.36899394,0.06393106,0.16820046,-0.23082712,-0.2920737,0.24672401,-0.10463167,-0.4410029,0.06770387,0.0019322112,0.57153475,0.0930134,1.0856566,-0.13237861,0.0025217517,0.05721572,-0.051090993,-0.11579791,-0.055888914,-0.24743092,0.08118726,0.1567974,0.17084135,-0.2488198,0.14372891,-0.0060087442,0.2924474,-0.11257438,0.26663172,0.041959547,0.21334465,-0.14564712,0.2142407,0.0933657,-0.057572573,-0.17397939,-0.101432726,0.13551192,-0.023604818,0.116446614,1.9996403,0.011965698,-0.18759233,0.05449775,-0.050928056,-0.13988914,0.14928405,-0.24711946,0.7804394,-0.10054726,-0.0031456798,-0.12864926,0.24715275,-0.2263619,0.03993416,-0.067379326,0.1510322,0.04822559,-0.08634609,0.10719749,0.28576675,-0.09719081,-0.025848042,-0.01891315,-0.98855406,0.25409606,-0.19964358,-0.12716973,-0.109518856,0.710543,-0.16131136,-0.08051822,-0.0910368,0.9317659,-0.18598974,1.6343112,-0.07459224,-0.09011625,-0.06777033,-0.06331203,0.06261073,-0.24292573,-0.00042790186,-0.23725677,0.10743584,-0.0041767377,-0.2615351,0.21003944,0.14423731,-0.0104246065,-0.27063078,-0.05954916,-0.15843391,0.029309016,0.25499237,0.86337984,-0.013216987,0.5955845,-0.1696579,0.24734348,-0.05296631,0.2972662,-0.022605464,0.12014361,0.2816372,0.15407659,0.14074165,0.19340324,-0.12099131,-0.8992804,4.213987e-05,0.17132427,-0.21213457,-0.07172045,0.074999645,0.38194776,0.33384702,-0.05184016,-0.004338719,0.22001906,-0.13323924,-0.082592666,0.1832204,0.09387724,-0.19944903,0.13161764,0.14686218,0.23249291,0.10226459,0.030572757,0.20023713,0.31944036,-0.011872701,-0.03716535,0.2798652,0.10856527,-0.031928144,0.39712933,0.002893433,0.014159052,-0.009264775,0.13066263,-0.028268669,0.5695751,0.0076600537,0.038079865,0.18243828,0.14106418,-0.033767246,-0.18925627,0.048177898,0.091754764,0.26425588,0.0602941,0.092482656,-0.1559934,-0.3112551,0.17148428,0.23768294,-0.018735696,0.07166903,0.0032734051,-0.06364115,-0.038681373,0.03875728,-0.20300771,0.042777043,0.024969172,-0.06921944,0.055170193,0.21119183,-0.01061777,0.18897036,0.4110325,-0.32476747,-0.19767678,0.00914843,-0.23372415,0.113444895,-0.17672142,-0.0739454,-0.025097229,-0.027315795,-0.8332021,0.06881462,0.051761597,-0.44614872,0.61607265,0.5204358,0.051026348,0.6726193,-0.11746723,-0.8055191,0.46444064,0.11924337,0.80302286,0.16305166,0.007306576,0.25566477,0.079882056,-0.02293972,0.02487855,0.023078496,-0.008210838,0.14931707,0.041668855,0.13213232,-0.19309923,0.33445328,-0.062184326,0.05324164,0.19790334,0.12939502,-0.023739897,0.048220612,0.15757906,0.032419175,0.4693194,0.84295136,-0.14846018,0.3714559,0.035264768,-0.21893089,-2.8938346,0.012211844,-0.095181435,-0.04477285,-0.035152085,-0.15378916,-0.060171194,0.27966607,0.16815224,0.1254646,0.15886456,0.058007255,-0.4413073,0.047209904,-0.035713747,0.24518615,-0.012494385,-0.0958113,-0.292718,-0.14116567,0.25466132,-0.30658585,-0.21315327,0.21025097,0.15942624,-0.028940652,0.12999672,-0.09983832,0.07820581,-0.38525754,-0.3607447,0.50934637,0.15773696,-0.068222985,-0.10995464,-0.22970827,0.21667027,0.06163879,0.014353389,-0.12730877,0.16488847,0.01120358,0.1810489,0.078231946,-0.1489953,0.22395757,-0.013030127,0.45467538,-0.043709114,-0.08651901,0.06506501,0.17907773,-0.10551142,-7.8776975,0.05222461,-0.039902173,-0.33167645,0.011477709,-0.10884125,-0.08106653,-0.09975623,-0.53509957,-0.025784172,-0.027522855,-0.17141713,-0.46013558,0.21922094,-0.13431413,0.016467437,-0.0040572286,0.23514852,-0.18792449,0.038279578,0.10761455,0.43737793,0.052389607,0.1939978,-0.3317857,0.39600426,0.019724257,0.059844203,-0.15685655,0.19445047,-0.16170801,-0.37377313,0.03463374,0.060687765,0.29924923,0.14005072,0.11630579,0.046689283,0.0034942538,-0.20783788,0.07882413,-0.03175617,-0.0052211806,0.19764373,-0.08061178,-0.09229659,0.1120378,0.14444622,-0.035338733,-0.057980046,0.0402145,-0.45297143,0.19990142,0.1000063,0.083694726,0.68654966,0.1005715,0.4036604,0.009209774,0.10268989,0.025960559,0.13422668,0.06840646,-0.012957476,-2.0040019,0.27365887,-0.04655368,0.04414933,0.17292707,0.051891856,0.02010351,0.1840389,0.07714107,-0.40566412,-0.068730816,-0.54971904,-0.47987306,-0.10151398,-0.3110816,0.025328612,-0.034598395,0.17281458,0.75898933,-0.11048639,-0.05414667,-0.29526466,-0.11198408,0.07257424,0.0014639441,-0.06245047,-0.034820322,-0.38055018,0.13136013,-0.12035352,-0.30698436,-0.3110575,0.10240263,0.015983475,-0.22924995,-0.54871666,-0.023128025,-0.033853527,0.11266804,-0.21140984,-0.037338257,0.4738017,-0.27768034,-0.21041615,0.044764422,0.4055431,-0.05460505,-0.008753449,-0.29231295,-0.10013276,-0.39209285,-0.36932036,0.26166564,-0.11182189,0.017826535,0.27144042,0.043398347,0.0010271072,0.19815648,-0.06578654,0.36497396,-0.020150501,-0.11524579,-0.22901243,-0.16919945,-0.035251975,0.09757904,0.072981805,-0.07182975,0.06209226,0.06841557,0.041088857,0.12946384,0.06635733,-0.07182734,0.11833956,0.60431594,-0.030259112,0.106089965,-0.15192676,-0.056773752,0.23693672,0.112277664,0.042833418,1.1790735,0.18365507,0.015939187,0.085678816,0.04054554,-0.036507107,0.1262784,0.08223073,2.230644,0.16981983,-0.088316604,1.3231792,-0.017498016,1
-0.008617066,0.098759755,0.16947019,0.20979285,0.6115664,0.46935463,0.8268027,0.08671607,-0.24409857,2.0248313,-0.06816979,-0.04473187,-0.48517573,0.0043759644,-0.41169468,-0.056062464,0.031011622,-0.07982357,-0.17388684,0.03028629,-0.1702874,0.084975526,0.28142077,-0.2772571,0.15953696,-0.27246737,0.060644574,0.21134195,0.26007155,0.06894386,0.06133478,0.07676504,-0.06262228,-0.0012623854,-0.3864379,0.068796635,0.041464172,-0.07503141,0.0049921274,-0.07972753,0.10131772,0.47562873,0.3539,0.06479698,-0.0038903356,-0.18244922,0.13656399,0.049910493,0.10593634,-0.20228183,-0.13079366,-0.40276316,-0.19311863,0.006072935,0.46178788,-0.06722477,0.028384443,0.59155625,-0.05973653,0.19511196,-0.45079815,-0.08773339,-0.14701214,0.29270008,0.24946728,-0.01180388,0.16173473,-0.40088117,-0.0014875121,-0.07202576,-0.12275768,-0.044125125,0.13106652,-0.12846152,-0.224128,0.010661386,0.25548762,-0.18474507,-0.05263986,-0.09799668,2.101682,-0.13501811,0.15036628,0.3039898,2.0159543,0.16595723,-0.24090847,0.04218168,0.07678384,-0.20896599,0.009990528,-0.04793945,-0.2641699,-0.055524062,0.016031353,0.12999931,0.142459,-0.018433884,-0.789707,-0.014507304,-0.10988905,0.006410072,0.23283735,0.14560062,0.14757529,0.051595807,-0.03417626,-0.3560673,0.08800782,-0.1718661,-4.888382,0.07702081,-0.05757322,-0.031322613,0.13020784,0.13927095,0.11048145,0.08636534,0.05869938,-0.5328253,0.07161856,0.06559636,0.022859737,0.042944647,-0.0821247,-0.064137,0.12535326,-0.06755187,0.067210406,0.3028598,-0.16681376,0.008854255,-0.041656286,-0.30485213,0.15515433,-0.2937326,0.07928772,0.22283849,-0.028063089,0.003341537,0.03551114,0.12240988,-0.0014152159,-0.06196247,0.3843007,-0.067466065,-0.07623695,0.05232811,0.0032141283,0.0006288737,-0.39875254,0.05740552,0.0012259483,-0.04398354,0.15524663,0.28381202,0.09274782,0.082726166,0.258889,-0.0299829,-0.056938637,0.21835634,0.04872864,0.06371889,0.0967699,0.117799856,0.13732749,0.2629272,0.24153057,-0.14349958,-0.13525897,0.075293936,-0.038687624,0.005276574,0.090326354,-0.17436838,-0.4608056,-0.20374559,-0.16415095,0.2278031,-0.34020618,-0.245149,-0.07973114,1.0381109,-0.45508575,0.38356683,0.018068109,0.23911282,-0.06556945,-0.13527727,-0.030654829,0.039863862,-0.012914132,-0.05345513,0.12508611,0.15464409,-0.16126871,0.09366581,-0.12742211,0.2603212,-0.032787133,-1.4582989,-0.101944916,-0.11475465,0.10452501,-0.33669728,-0.0012973826,0.040664792,-0.019352645,-0.24331559,0.007761832,0.058811948,-0.18900971,0.0450808,0.19368328,-0.014832303,0.13915032,-0.037453577,0.00093368825,-0.06212934,0.24817139,0.43934655,0.45604926,0.0356103,-0.14806631,-0.08988252,0.61073387,0.095728084,0.14943326,0.10145927,-0.4396292,0.066812485,-0.21752343,0.16568977,0.08242269,-0.019785881,0.22429511,0.022304416,-0.1388511,0.016932275,-0.023108423,-0.019881714,0.006523825,0.0025263783,0.00941083,-0.13235375,-0.25437313,-0.1317366,-0.112515874,0.2595874,0.0643681,-0.15965423,-0.024357066,0.04027512,0.16650946,-0.04045722,0.34418872,-0.966183,0.09207214,0.2935304,1.8820057,-0.57193434,-0.24332374,-0.13825148,0.5172576,0.63679993,-0.031935185,-0.24959366,0.19241472,0.3643118,0.23318665,-0.0027968884,0.17453913,-0.025319176,-0.021266256,0.54169714,0.14480801,-0.13572916,-0.05392184,-0.09303443,-0.17019868,0.10270437,-0.15557495,-0.088661306,-0.237468,0.17874253,0.014345229,-0.17419301,-0.027748728,0.42575905,0.033080675,0.09179071,0.11892815,-0.040825635,0.032452755,0.01584965,-0.07922354,0.18967025,-0.29774123,-0.10340199,0.13149473,-0.16794594,0.27115345,-0.4434093,0.2540781,-0.0023678066,0.105529524,0.04380525,0.07292542,-0.12488847,0.06618897,0.66018975,-0.022233967,-0.22053361,0.020925805,-0.20654567,0.034991562,-0.07190418,0.026607923,0.282025,0.15355262,0.13130665,-0.06812047,-0.13484791,0.35200635,0.31486374,-0.091482885,0.044123583,0.0385909,0.11190455,0.09686472,0.084753275,-0.037967928,0.14748302,0.44902772,-0.7997701,0.007566627,-0.011625791,-0.17023428,0.056138977,0.04617152,0.027132377,-0.1289871,-0.14827988,-0.06666307,-0.10891697,0.198601,-0.016695976,-0.110724494,0.018408926,-0.14603949,0.554484,-0.027320735,0.1020405,0.7009252,0.08479026,-0.13763297,-0.057792008,0.040743757,0.15558141,0.02441324,-0.024186395,0.05934471,1.4524121,0.007117331,-0.004136922,0.04013072,0.04466214,0.17744514,-0.26181895,0.46593302,0.07301267,-0.13246955,-0.044387214,0.09661274,0.55963695,0.16809961,0.07395026,0.18411642,0.002593117,0.11582325,0.061115198,-0.15647134,-0.16349386,0.06658392,-0.055514116,0.5182073,0.06828371,0.0015789217,-0.17558667,-0.06662977,0.11531243,-0.09282075,-0.17196405,0.1846316,0.033953555,0.00886628,-0.31985041,-0.21340975,-0.18867405,-0.16273676,-0.17338096,-0.08218841,-0.114677265,0.28013426,0.011688646,-0.34797597,-0.049700633,-0.039331675,0.084209725,-0.1499051,-0.07987061,-0.13570336,2.1988592,0.073664516,-0.14183591,-0.10228762,0.09773231,-0.05823788,0.7808745,0.17553926,-0.061614446,-0.0034769252,0.2045749,-0.07399,-0.33890915,-0.17542621,0.015076734,0.03245449,-0.26594728,0.1915509,0.057026543,0.032111403,-0.15200095,0.22717884,0.06198364,0.28049055,0.096873134,0.20131005,0.06620142,0.3691038,-0.16713214,-0.24177215,-0.6288297,0.046344806,0.51571363,-0.0051875487,0.04015115,-0.04067874,0.4997521,0.12327302,-0.2524287,-0.013090096,-0.49412218,0.09530193,-0.024371386,-0.24350521,-0.08104451,0.30638325,-0.056964938,-0.11208518,0.15166411,-0.07370196,0.3215889,0.04734778,-0.051688768,-0.030374788,0.18406817,-0.36244696,0.593323,-0.33028203,-0.22216317,0.12317105,-0.027194753,0.024272863,0.14579119,0.14375298,-0.0940453,-0.09876061,0.18998885,-0.049323913,-0.10197659,-0.07325076,0.025141897,-0.019239008,-0.35758287,0.26648933,-0.68951464,0.11332381,-0.0067561865,-0.0010969243,-0.0007315027,-0.14901637,-0.0259879,-0.26432526,1.7034374,0.01549077,-0.17486085,-0.23608129,-0.43556544,-1.5251673,-0.18247792,-0.05186355,-0.008355787,-0.5255965,-0.15061106,-0.26334766,0.053368904,-0.13434558,0.17357932,-0.07548071,-0.10578284,0.1346883,-0.3263867,0.27180463,0.0381988,-0.5627825,-0.0901049,0.81658316,0.07482568,0.042712335,-0.46541318,-0.06352952,-0.16654027,-0.07995188,-0.06041936,0.33231542,0.06203936,-0.22265571,-0.01620749,0.2159423,0.0028298628,0.0073469244,0.08163345,-0.01692559,0.24719328,0.063700646,0.01953309,0.12052197,-0.07447469,-0.06659028,0.07239401,0.09498145,0.07878773,-0.20620559,-0.048560105,-0.027876437,-0.28189987,0.05663809,0.46116567,-0.05736556,-0.15976399,0.031968072,-0.2111271,0.010665322,-0.08059976,-0.0004535172,0.19809368,0.04313977,-0.034718394,0.27896866,0.03183614,-0.0059835613,0.23225985,-0.124141134,0.26819128,-0.13510156,0.16190231,-0.018605582,0.20952605,-0.5807264,-0.44986352,-2.5388079,6.7938025e-05,0.42077005,-0.52861243,0.2133999,0.13966694,-0.24110173,-0.028446585,0.3201641,-0.10441155,0.14182334,0.070718534,-1.0964909,0.09362894,0.06307438,-0.1783973,0.13373698,0.09354188,-0.042851448,-0.1753158,0.056061983,-0.010558408,-0.41425627,-0.15594096,-0.0510872,0.64930594,0.035842605,0.012749612,-0.06330217,0.002157976,0.008562237,0.2184978,0.17445673,-0.20277338,0.024712592,-0.07472134,-0.0031366758,0.13879925,-0.09372416,0.16222489,-0.5832127,0.16744246,-0.10971181,0.14989015,-0.09805755,0.076739654,-0.45566717,0.040714856,0.06607171,-0.09020183,-0.064767994,-0.29263288,-0.15179434,-0.10066761,0.02450328,0.7494556,-0.080372676,0.019362222,-0.025874497,-0.069030896,-0.14340778,0.3030427,-0.440843,0.65638596,0.099317834,0.013715586,-0.056031942,0.427543,0.09790096,-0.049344838,0.051950008,0.071455985,-0.03133883,-0.076642856,0.10575436,0.46136814,-0.080814205,-0.08804314,-0.04834465,-0.81105804,-0.5956505,-0.11223024,0.036307223,0.019104492,-0.3306047,0.033869907,0.085593775,-0.12513185,1.100938,-0.24164325,1.9871824,-0.1983188,0.033773065,-0.6155611,0.09723467,0.014320971,-0.0525558,-0.0004743788,-0.20532411,-0.009182639,0.13039301,-0.12764697,-0.077117085,0.19302231,0.09669857,0.025122197,-0.030380791,0.0048831515,-0.109342635,0.60620344,1.8016481,-0.12754148,0.2119438,-0.0966305,-0.2965827,-0.08083045,0.31215945,0.0339793,-0.07024949,0.08810451,-0.2694084,-0.1508192,0.18923867,0.0046094805,-1.9684141,5.0366656e-05,0.041045886,-0.47312826,-0.24309224,0.44880694,0.23365667,0.2070843,0.05710229,0.2957716,0.0364798,-0.12866229,0.23166041,0.23642574,0.053636856,0.04789654,0.04156275,-0.11210185,0.278085,-0.011121679,-0.06177713,0.2319822,-0.1009547,-0.072216675,-0.033657685,0.17378354,0.23276964,0.007989034,0.43743756,-0.08026087,-0.025684875,-0.012235418,0.08416746,-0.011270538,0.38770798,-0.038109332,0.028087337,0.07283472,-0.14538315,-0.03313906,-0.092635885,0.06317028,0.12814641,0.053689092,-0.06966199,0.1797497,0.15936743,-0.33181548,0.45001975,0.23080909,0.10024236,0.02299105,0.06382578,-0.1301745,0.03965072,-0.0023459792,-0.024861839,0.11067717,0.21449661,-0.2217045,0.038751435,-0.12615459,0.264518,0.17619456,0.22101346,-0.19672006,-0.114098504,0.14724572,-0.16646783,0.13237396,-0.3437673,-0.17435643,-0.11022852,-0.09276593,-0.5145181,-0.08166079,0.06593749,-0.43321204,0.73191553,0.17383859,0.12679881,1.0469033,-0.26343024,-0.9687233,-0.0024894848,0.4249886,0.61831045,0.21238607,0.1437388,-0.058763027,0.15489912,0.020148065,-0.0297033,0.022022642,0.16477178,0.17888705,0.020925283,0.095779695,0.06441731,0.5127893,-0.21135572,-0.14837493,0.21192499,0.31281388,-0.055021055,0.14273563,0.09756317,0.033711255,0.63237506,0.8098916,-0.11179267,-0.04429853,0.04310175,0.010372298,-2.1644974,-0.14461747,0.57129407,-0.052659906,-0.04611741,-0.04395011,-0.115111694,0.27040756,0.21333896,0.19811137,0.12001304,-0.1059026,-0.055993497,0.04826495,-0.03565678,0.25767323,0.16250098,-0.34762305,-0.16721952,-0.08587026,0.320573,-0.13796437,-0.15133648,0.08961797,-0.05744207,0.049159825,0.03746943,-0.08998802,-0.059671797,-0.26836267,-0.28332725,0.5162874,0.073872745,-0.07556096,-0.02315043,-0.038319916,0.20111029,0.025676966,-0.02585245,-0.10807091,0.20801872,0.09754387,-0.02551067,-0.11489104,-0.0652778,0.49923047,0.108598344,0.2861427,-0.027289774,-0.046110377,-0.10183297,0.4636718,-0.07179783,-8.059857,-0.04111484,-0.08397351,-0.21909189,0.029354133,-0.41485226,-0.06877063,-0.06569784,-1.8165526,-0.00931678,0.03354834,-0.25236887,-0.06480253,0.3113391,0.061496414,0.058942553,0.04649222,0.18582402,-0.30301994,-0.27273414,0.3756646,0.19709168,0.097178265,0.31965473,0.577289,0.25666744,-0.0068909936,-0.03533195,-0.22378701,0.115821496,-0.14002058,-0.36776948,0.034396883,0.06991458,0.24598248,0.07971373,-0.0036888719,-0.009652376,0.06749861,-0.19827439,-0.05776554,0.023050096,0.034188036,0.28300408,-0.30247986,-0.19486147,0.07993726,-0.014529984,-0.14324898,-0.047429584,0.05980065,-0.370675,0.18146273,0.06573996,0.0102228075,0.7629491,0.14248314,0.16149007,-0.063767,0.22898756,-0.013335062,0.17950714,0.14826718,-0.06998403,-2.0041845,0.3573938,0.02639194,0.0004941486,0.12614393,0.07304471,-0.12618908,0.020239636,-0.2250958,-0.1797947,-0.0643954,-0.92257965,-0.96685433,0.045159698,0.0056943186,0.004181452,-0.18055554,-0.03971094,0.8685741,0.059230685,-0.0662847,-0.034363,-0.0048937947,-0.15233004,-0.060811043,0.17271744,0.0046168976,-0.4501597,0.058338042,-0.23882303,-0.09906305,-0.026625015,0.1811144,0.15201136,-0.1526362,-0.19222833,0.28889433,-0.10396437,-0.1152468,-0.15763162,-0.038750008,0.4307554,-0.24146372,-0.26223576,0.23965745,0.6241456,-0.0009355992,0.103580564,-0.30566654,-0.18439522,-0.05457849,-0.37656936,-0.051387668,-0.13572167,-0.0029276125,0.1837289,-0.20493032,0.06757125,-0.030578429,0.110476404,0.3301161,-0.08251584,-0.5186882,-0.24278778,-0.020792663,-0.0750552,0.027052077,0.07614096,-0.16325156,0.16840556,0.08741183,0.28382075,0.13072234,0.06854467,-0.038567618,0.13210356,0.7809699,0.020411525,0.31487834,-0.16315971,-0.06807031,0.39018425,0.07726129,0.13688001,1.4486704,0.0030890554,-0.024217121,0.12170409,0.12887038,-0.18264596,-0.37764245,0.06269888,1.7968664,0.3146814,-0.100851536,1.1079158,-0.02163823,0
0.00015833229,0.09931031,0.11849502,0.26672348,0.17528284,0.5627961,0.5453893,0.07163467,-0.25000635,2.3319337,-0.10323082,-0.07527295,-0.3047923,0.06866653,-0.0055814637,-0.059878174,-0.030425407,-0.093881495,-0.09698888,0.02876804,0.06390017,0.007756479,0.17031437,-0.2824235,0.17945224,-0.19678587,0.07113222,0.1907807,0.19325899,0.0618787,0.06731909,0.083587654,0.046396937,0.01691188,-0.31892395,0.06694206,0.031741254,-0.051840834,0.047242157,0.0059835985,0.25179252,0.37062103,0.065006234,0.07193054,-0.076609,-0.18075879,0.100046255,0.024402246,0.23793781,-0.14679149,-0.05583593,-0.3535008,-0.24134451,-0.00798963,0.5326327,-0.14074993,0.024376139,0.36972633,-0.038550988,0.18226369,-0.4668166,-0.087473325,-0.13419,0.28271055,0.3478661,0.090347156,0.13404828,-0.3461715,0.08686216,-0.0566336,-0.052982748,-0.0046755373,0.16643444,-0.18945675,-0.096044935,0.045615353,0.21640089,-0.19662331,-0.040101413,0.24054174,2.0861561,-0.16596161,0.06770758,0.3892278,2.0236428,0.17945087,-0.26858643,0.003522439,0.05942641,-0.16534317,0.024056084,-0.07596251,-0.1805734,-0.04892703,-0.010282753,0.13423887,0.11320606,-0.035726573,-0.7704579,-0.025272135,-0.09643001,0.01700576,0.27865666,0.1515217,0.17411745,0.13392425,-0.01930729,-0.340106,0.12828222,-0.15236978,-5.084236,0.01834707,-0.08090329,-0.054124717,0.13333642,0.12591329,0.08449225,0.09802382,0.122037366,-0.6242708,0.07975118,0.06801989,0.03361942,-0.0072600767,-0.04580589,-0.02501639,0.19404468,-0.081094325,0.062719904,0.22169952,-0.117751956,0.05483748,-0.038957585,-0.37126473,0.16989101,-0.13677159,0.06176751,0.25094897,-0.07431984,0.03675652,0.034968413,0.1080752,-0.010256956,-0.0033936426,0.3221481,-0.038239248,-0.05524561,0.08582066,0.06571116,-0.051238813,-0.54178673,-0.01782078,0.015988963,-0.07666961,0.22707793,0.19609363,0.10272321,0.060457792,0.27817437,-0.11181299,-0.082667366,0.21891202,0.19276331,0.105260946,0.0002566427,0.09984124,0.11184278,0.20379716,0.22600411,-0.10729508,-0.119207576,0.038006343,-0.002774123,0.043858867,0.1554663,-0.262701,-0.38904673,-0.089822054,-0.19224185,0.21928465,-0.34120807,-0.15501991,-0.069508,1.2708118,-0.45198244,0.44994488,-0.0035170428,0.16792852,-0.058717728,-0.14387347,-0.03967271,-0.00034641474,0.017101236,-0.11206507,0.1127316,0.17465506,-0.06960816,0.096848726,-0.038984917,0.25390407,-0.0176621,-1.3805372,-0.096037194,-0.13672976,0.16840738,-0.25285852,-0.0461611,0.08840948,-0.038459398,-0.31588575,0.03368219,0.058019638,-0.21212913,0.076899566,0.13438301,-0.008486507,0.17064105,-0.05478133,0.000975725,-0.041762073,0.13371933,0.35054597,0.29162443,0.013459416,-0.182145,-0.100718334,0.58813936,0.091281086,-0.14238429,0.056034237,-0.38179973,0.05993888,-0.38164207,0.15585436,-0.010845913,0.056644496,0.15191633,0.044724144,-0.29925975,-0.00043681264,-0.1288359,0.014850819,-0.004959751,0.0024097841,0.021337882,-0.1073617,-0.1505731,-0.13766824,-0.06469077,0.2658897,0.08821415,-0.13068177,-0.10786131,0.0057904534,0.14016362,-0.0064097717,0.25497103,-0.8687555,0.12140049,0.22235239,1.9791348,-0.5536424,-0.12879494,0.35733423,0.629453,0.7664056,-0.29239756,-0.19295017,0.3120586,0.37391233,0.237216,0.06357123,0.10758416,-0.087649286,0.027905686,0.5134174,0.12858634,-0.13134605,-0.06145388,-0.07886225,-0.10781169,0.11565669,-0.18935305,-0.096363544,-0.23332068,-0.01437087,0.10017729,-0.17179437,-0.08470972,0.36236766,0.03291539,0.08970256,0.08506401,0.00355009,0.0040813843,0.024855524,-0.04337802,0.23891437,-0.2093342,-0.024153551,0.051228866,-0.16174486,0.14561951,-0.4168147,0.21867241,-0.034373183,-0.03534828,-0.019313455,0.070677415,-0.098806866,0.051490836,0.6194651,0.023057021,-0.1627059,0.016960997,-0.23281918,-0.003282532,-0.05836944,0.038086694,0.31149432,0.11035079,0.030243669,-0.08109559,-0.08998452,0.23973697,0.29710525,-0.10101092,0.07442302,-0.022058483,0.0025740266,0.03259713,0.13770159,-0.0018113628,0.1445014,0.51921123,-0.6010973,-0.0014003888,-0.017001867,-0.33304957,0.1002956,0.032754354,0.018881448,-0.09609232,-0.24620056,-0.047228735,-0.086128764,0.08423492,0.013833612,-0.033097066,-0.12865259,-0.13761961,0.3537209,0.015256174,0.09389037,0.5925629,0.06910113,-0.11643714,0.021104038,0.02352746,0.07312341,0.05762911,0.026012555,0.0508506,1.3213937,-0.0112485625,-0.008120084,0.08812606,0.06381334,0.20997825,-0.45700634,0.40681177,0.06892672,-0.095856644,0.0900855,0.08298964,0.5917929,0.049629986,0.03804199,0.19074938,0.002511055,0.097817145,0.045413606,-0.15568425,-0.13734438,-0.10708664,-0.0031989627,0.45025977,0.08400673,0.0015717363,-0.15232238,-0.016481131,0.074977085,-0.07931327,-0.13185185,0.16368665,0.07070911,0.023418047,-0.25373822,-0.09119661,-0.19922177,-0.025988776,-0.2384383,-0.1351489,-0.19457823,0.25682044,0.009255335,-0.22310573,0.04374322,-0.049825713,0.13119367,-0.09943992,-0.08584458,-0.119245455,2.4648294,0.055096544,-0.14361718,-0.13042021,0.111477554,0.11403756,0.71812856,0.19087383,-0.040153652,-0.0063409805,0.2597328,-0.1319336,-0.17642829,-0.10504177,0.037933208,-0.027890526,-0.04670325,0.16109493,-0.028155863,0.06375401,-0.14436266,0.29418012,0.03885422,0.11081445,0.10083928,-0.35893106,-0.070629746,0.39858583,-0.09259766,-0.20185904,-0.6160444,0.046171222,0.47091973,0.03282187,0.13449171,-0.10618931,0.40655828,0.102240674,-0.44763663,-0.023070779,-0.41913313,0.10210485,-0.054103285,-0.28198788,-0.10674414,0.26777497,-0.124169916,-0.06740449,0.1155871,-0.20159554,0.30148095,0.039408173,-0.066784516,0.112066746,0.2165924,-0.033305466,0.6224269,-0.32194507,-0.19817287,0.11385049,-0.01319398,0.024689384,0.14470848,0.18635467,-0.13399719,-0.096929476,0.068475775,-0.06617889,-0.112469316,-0.091912195,-0.025594566,-0.06962876,-0.30709556,0.28272307,-0.58149433,0.08445349,0.023160905,0.027757494,-0.00075987057,-0.13096564,-0.07088015,-0.30569926,1.7532179,0.07750939,-0.226183,-0.11931899,-0.7047513,-1.4957929,-0.25466853,-0.021055687,0.121693775,-0.44731605,-0.10590543,-0.2601914,0.040048063,-0.19061159,0.08391838,-0.18336429,-0.060358092,0.121581145,-0.16084318,0.24868794,0.071683586,-0.745337,-0.10770057,0.5937112,0.06939465,0.102429934,-0.45511627,-0.04134345,-0.39070195,-0.042734757,-0.110539764,0.39008582,0.06366487,-0.20669125,-0.015554585,0.27477425,0.0129811615,0.07000485,0.07194021,-0.10795849,0.2042065,0.07272431,0.11699067,0.14885019,-0.04872709,-0.067912064,-0.039541014,-0.041360624,-0.008760363,-0.14520954,-0.045834333,-0.02447962,-0.3486237,0.08085375,0.34207162,-0.032529645,-0.20975727,0.008583826,-0.11948435,0.0073316805,-0.09526724,-0.00036246894,0.15795246,0.033964887,-0.027401686,0.12426488,0.03367127,-0.014393382,0.2134753,-0.115260765,0.25267768,-0.11357193,0.1328003,0.07442667,0.16231015,-0.44353968,-0.3473906,-2.9302566,7.426455e-05,0.297974,-0.27520013,0.23351642,0.19947976,-0.1820127,-0.014130503,0.20177774,-0.003583163,0.118360244,0.028144911,-0.9379072,0.12539949,-0.014936827,-0.1596689,0.06390424,0.11454187,-0.049112696,-0.12230678,-0.030430995,-0.031181455,-0.432248,-0.04431118,-0.025512233,0.65230155,0.008113198,0.033636987,-0.050128855,0.0022801717,-0.004179865,0.0933321,0.18970653,-0.21585587,0.029680613,-0.030443422,-0.09108144,0.0068828315,-0.08540292,0.16618013,-0.5518993,0.31485924,-0.20220593,0.13899831,-0.09023149,0.0036717094,-0.420499,-0.043894853,0.056221582,-0.12370334,-0.009314194,-0.25870642,-0.12766618,-0.0076473597,0.062050834,1.1561409,-0.10393216,-0.031453528,0.013062997,-0.029202707,-0.079891145,0.40061444,-0.29017475,0.5665606,0.065685526,0.003623534,-0.042758495,0.37711006,0.077896,-0.06058601,0.072229385,0.056161612,-0.010640398,-0.09652349,0.15504065,0.09199375,-0.0770693,-0.12461305,-0.12365387,-0.74151224,-0.45386806,-0.044678595,0.068484806,0.08608492,-0.46584755,0.029204324,0.04670705,-0.16667625,0.982983,-0.20297083,1.7482035,-0.081057355,0.024635158,-0.62637097,0.08183738,-0.0033560279,-0.08458729,-0.00047754112,-0.170783,0.026929438,0.17318405,-0.033119287,-0.040188983,0.20429203,0.06255051,-0.052043766,-0.047245815,0.057447463,-0.082550615,0.45858788,2.1600134,-0.14816995,0.3264641,-0.11551618,-0.15957583,0.0142233595,0.37689003,0.003406547,-0.19488971,0.025441535,-0.2802667,-0.16743064,0.14482346,0.0018940344,-2.7877626,4.950378e-05,0.03142723,-0.4215774,-0.14023215,0.34752795,0.24523073,0.21645097,0.101105876,0.27096748,0.033979304,-0.07999263,0.15690784,0.2415553,1.9580126e-05,0.00039263815,0.037587196,-0.040253807,0.15150817,-0.056360025,-0.07327059,0.1761665,-0.13973284,-0.039864518,-0.042496994,0.1480826,0.24853592,0.06984407,0.48648524,-0.11229715,-0.09746775,0.04892891,0.079577155,0.026776476,0.35214233,-0.094513394,0.039672043,0.10774643,0.13763809,0.0010934686,-0.044396892,0.003783146,0.18473345,0.028839324,-0.103999496,0.14673637,0.061705202,-0.22523582,0.42524078,0.12858099,0.08114484,0.039624855,0.07541555,-0.13399014,0.033185855,-0.038519114,-0.05851879,0.16033989,0.16059032,-0.21767431,-0.09559354,-0.13841891,0.345335,0.10540077,0.15306729,-0.21202995,-0.14166108,0.07498805,-0.24176821,0.14318523,-0.3511553,-0.20161448,-0.08124637,-0.17983255,-0.85480595,0.08502361,0.09832901,-0.61348933,0.7818155,0.10855359,0.16646439,0.8205919,-0.25038895,-0.71104085,0.0075359056,0.3828885,1.2420498,0.1403703,0.12160617,-0.049919963,0.13584305,-0.06315142,-0.03599201,0.06777015,0.13563885,0.21291359,0.0052618906,0.123628266,0.021538243,0.38610923,-0.26417705,-0.18167658,0.1946624,0.20172013,-0.07208372,0.18310401,0.14002958,0.030221771,0.4103226,0.70983875,-0.07382481,-0.09414634,0.044210434,-0.0016971603,-2.4411135,-0.16416553,0.43365842,0.026179604,-0.0138199935,-0.009850502,-0.11653853,0.23714116,0.15946639,0.20519558,0.13935505,-0.12467691,0.0111209415,0.0028529167,-0.074106395,0.1996536,0.13901758,-0.4070038,-0.20533752,-0.024805218,0.5205304,-0.22055745,-0.11868301,-0.014131874,-0.06400048,0.03759823,0.01233983,-0.087133534,-0.025371574,-0.39001152,-0.2980993,0.73663783,-0.013466895,-0.04259999,-0.024824798,-0.12600267,0.18056938,-0.015190773,0.0067043547,-0.10160323,0.26316938,0.073267914,-0.01951376,-0.036476314,-0.10287511,0.45078728,0.15644145,0.36049306,-0.027324148,-0.044511683,-0.07576101,0.34784046,-0.044315867,-8.122414,-0.041623354,-0.07685728,-0.22311804,-0.024605822,-0.40070188,-0.16554093,-0.077419065,-2.1115093,-0.011104099,-0.0058502182,-0.28188404,-0.18844199,0.3166232,0.080999255,0.007602401,0.06051352,0.20507444,-0.4204827,-0.10588071,0.37342587,0.08131372,0.1279034,0.28427124,0.50310016,0.25786588,0.016373128,-0.08079318,-0.2170564,0.16437814,-0.035909303,-0.16761369,0.044239115,0.061515205,0.1874546,0.19002193,0.00077482313,-0.015286028,0.014423035,-0.26642442,-0.028069492,0.04112941,0.0037227422,0.2837443,-0.17093651,-0.12566593,0.022543766,0.090506434,-0.17118552,-0.098836124,0.060148846,-0.37218726,0.19705091,0.055614695,-0.02552931,0.6724433,0.16819629,0.14804322,-0.040153824,0.24038884,-0.022595285,0.25946152,0.1122219,-0.08235559,-1.9906579,0.34760576,0.054751508,0.0022705682,0.1536096,0.085598245,-0.08005588,-0.0023246128,-0.18824181,-0.1545723,-0.11633728,-0.9237396,-1.1859633,-0.07907595,-0.049981434,0.009712615,-0.21526034,0.031270973,0.63923144,0.06984732,-0.04065365,-0.015653618,-0.0018337928,-0.19939111,0.02346494,-0.050669745,-0.04215676,-0.47219595,0.04058384,-0.23609678,-0.038244784,-0.056607425,0.16369033,0.18391085,-0.121214,-0.106935345,0.24645387,-0.096764416,-0.1645206,-0.19007087,-0.04317474,0.3729996,-0.2502615,-0.2092414,0.23411961,0.6792514,0.00990333,0.109541,-0.26020488,-0.295555,-0.023497026,-0.32912147,-0.06735593,-0.11512325,0.036567207,0.10833126,-0.024780426,0.049514532,-0.016815055,0.085212536,0.33154425,-0.04431042,-0.62192297,-0.21236837,0.05724122,-0.14241114,0.015610893,0.106497966,-0.10503296,0.21878195,0.20191151,0.28473568,0.12208539,0.120372355,0.0027823048,0.12877102,0.7067665,0.06762351,0.46265015,-0.13511394,-0.055887293,0.3040358,0.05053612,0.06989883,1.851166,0.041859023,-0.053443555,0.048889354,0.14196223,-0.14031246,-0.5408969,0.056603253,2.0977848,0.27117693,-0.01604022,1.0937015,-0.03253946,0
-0.03098265,0.03485256,0.23592377,0.27633226,0.6088735,0.19242102,0.6119695,0.12294568,-0.089144446,1.4436895,-0.04094015,-0.044797573,-0.32499877,0.041769013,0.46700025,0.0050688386,0.05808261,-0.0661741,-0.27787247,-0.0030994602,-0.2176025,-0.007931974,0.34432256,-0.3772481,0.22275384,-0.28620917,0.5122469,0.20039286,0.25779846,0.068982854,0.05908989,0.10840142,-0.029186733,0.018804684,-0.40205765,0.015139889,0.13252836,-0.06020255,-0.05352589,-0.09431552,0.19275987,0.21707018,0.38582578,0.05642887,-0.07881253,-0.17117289,0.0886224,-0.11122522,0.2544976,-0.3381253,-0.12451529,-0.52623713,-0.10811143,0.014381246,0.67808217,-0.2164388,0.0010359585,0.005399734,-0.045484528,-0.037308387,-0.56366646,-0.045094475,-0.033506587,0.34588146,0.26606137,0.068330936,-0.00984776,-0.46404463,-0.074130274,-0.04732102,-0.20629476,0.07834372,0.25634646,-0.11919956,-0.100695945,-0.024939248,0.22157168,-0.2969792,-0.028568579,0.13781866,2.163116,-0.28803903,0.12221105,0.27946058,2.6447778,0.18170403,-0.20352168,0.1373724,0.105688035,-0.31530905,0.0019160993,0.19520965,-0.29600263,-0.0484815,-0.11440466,0.113159865,0.05302245,-0.1423054,-0.73418,0.034238093,-0.050572388,-0.033768486,0.22459294,-0.0023980811,0.33888355,-0.0050898194,-0.11567177,-0.018982835,0.038892113,-0.17540137,-4.3077908,0.12394577,-0.049017437,0.104844026,0.26540464,0.13678925,0.08074441,0.041965857,-0.045681097,-0.5110395,0.07426902,0.07662354,-0.011563383,0.037109476,-0.10724521,0.015815858,0.1339513,-0.123384774,0.1473488,0.2704615,-0.15353788,-0.02035322,-0.14076826,0.0030573457,0.1557777,-0.26983613,0.030200925,0.5450524,-0.05588056,0.01860175,0.028793156,0.078654,-0.08942971,0.21237382,0.20031986,-0.15050349,-0.10288583,0.15155432,-0.113722876,0.068699785,-0.10458219,0.061180122,-0.012468247,0.06702047,0.2731815,0.08738607,0.09721467,0.062436663,0.16297182,-0.07618667,0.030054284,0.30495697,-0.020691909,0.1493492,0.07075558,0.19449762,-0.019580444,0.1982748,0.24089745,-0.14437982,-0.0108936075,0.046286717,-0.064607784,0.10908057,-0.19257641,-0.1578547,-0.40983307,-0.20238273,-0.36932033,0.26746267,-0.120480224,-0.3796612,-0.15834756,0.72365534,-0.2934372,0.19271529,0.08392276,0.14422561,-0.040989995,3.1027943e-05,0.01785026,0.055112474,0.019693248,-0.042381197,-0.017633762,0.111166015,-0.10110189,0.09893477,0.10237919,0.2604526,0.008183807,-0.9245535,-0.12389655,-0.06622717,0.009137526,-0.20180826,-0.027825523,-0.08633748,0.07618761,-0.079560064,0.034838267,0.09788926,-0.02343081,-0.09507349,-0.05641362,-0.016760975,0.29949728,-0.025445513,0.00091314956,-0.12660144,0.42841575,0.3523833,0.32067785,-0.07286183,-0.10842699,-0.032684248,0.5467719,0.074349724,0.15048602,0.20155628,-0.2061794,0.03894592,-0.35377213,-0.012031272,0.060070977,-0.103482515,0.19762474,0.11330729,-0.5875542,0.17461348,-0.14704269,-0.041188665,-0.004043814,0.0026035528,0.0071723126,0.044399917,-0.04375027,-0.37184575,-0.20669018,0.20362511,0.17142303,-0.1443771,0.17567468,0.11531101,0.2049275,-0.041043445,0.3799122,0.06296027,-0.07041025,0.15979041,0.8704479,-0.1987887,0.3730266,-0.8821197,0.46951464,0.61619943,-0.06886011,-0.06896458,-0.15775874,0.2075161,0.24446742,-0.07705172,0.19959131,0.09766506,-0.18282415,0.028805211,0.11493783,0.14675647,-0.10995255,-0.02892043,0.25664335,0.1182093,-0.2595492,-0.23427801,-0.28340024,0.27974278,0.022430368,-0.21741454,0.28223327,0.23556064,0.032987747,0.08295714,0.015509367,0.00031909347,-0.002989633,0.024748266,-0.19172603,0.2286485,-0.037010267,0.0030200286,-0.0178428,-0.20430133,0.17677474,-0.31469458,-0.06270464,0.07529506,-0.13942236,0.053735,0.1810024,-0.2558868,0.29053256,0.18814254,-0.011893334,0.016750762,0.023052454,-0.16791557,-0.10113596,-0.32106945,-0.058127187,0.088257015,0.07530962,0.106653705,-0.055131022,-0.040633403,0.7882044,0.24334657,0.0067955256,0.03657597,0.22197767,0.11068353,-0.06675345,-0.014836714,-0.15278149,0.10257124,0.35055152,-0.37337017,-0.018355466,0.04695236,-0.1368652,-0.20348929,0.004317265,0.02048231,-0.12790027,-0.31394273,-0.068351045,-0.20053792,0.12884656,0.2586194,-0.12051347,0.16503078,-0.14725438,0.63565516,0.011276849,0.14322728,0.6149883,-0.0023949295,-0.07687332,-0.06580083,-0.0365358,0.11208182,0.041362602,-0.026359856,0.049938843,0.083004266,0.011861745,0.033795808,0.07871102,0.04992061,0.19527239,-0.28009003,0.90300417,0.06384301,0.041256446,0.21978237,0.117626846,0.6292485,0.08048558,0.011441439,0.35414004,0.002683748,0.0329787,0.07363633,-0.13000722,-0.22802186,0.013638843,0.04396346,0.4874711,0.12139482,0.0015339092,-0.21414758,-0.25998425,0.26103917,-0.25512314,0.091207534,0.16293544,-0.009413019,-0.029338658,-0.33827433,-0.65869015,-0.23583917,-0.17610654,-0.12252168,-0.40633118,-0.047949016,0.20025411,-0.0020131357,-0.1730426,-0.08184946,0.10245238,0.006508708,-0.17947416,-0.11630763,-0.13193682,2.3252907,0.05547362,-0.13318303,-0.11025961,0.07776698,-0.047555387,0.5060718,-0.31199256,-0.054666966,-0.020568728,0.041672237,0.096441336,0.07297574,-0.07700979,0.028413825,0.063663855,-0.0566044,0.17254037,0.16831024,0.00090489164,-0.1463534,0.20915876,0.0073347017,0.2126331,0.09624567,0.12871557,0.13969287,0.3409202,-0.20121889,-0.20597039,-0.45220202,0.08445592,0.1734188,0.017707765,0.017374814,0.030742023,0.12348759,0.15527649,-0.13011843,0.07332235,0.03734269,0.015064888,-0.20293242,-0.07884802,-0.043046802,0.31709903,-0.0021338435,-0.14785789,0.15091762,-0.08906887,0.33347058,0.17927426,-0.084847465,0.04861529,0.11566908,-0.17030394,0.3856188,-0.41062698,-0.31184167,0.1938066,-0.009425342,0.081743926,0.23621339,0.044438407,-0.01952593,-0.11138503,0.11640801,-0.22215116,-0.1626725,-0.040876634,0.22905287,0.025033176,-0.19067022,0.45207077,-0.50338036,0.08018074,-0.057096608,0.00046511064,-0.0007269784,-0.06497153,-0.18616611,-0.2841359,1.6968294,-0.0890261,-0.13408387,-0.22801387,-0.31993362,-1.1424904,-0.28813604,-0.050394017,-0.21282831,-0.8858305,-0.29764724,-0.25650385,0.05396719,0.059103083,0.3284431,-0.30493456,-0.16657609,0.050177615,-0.5792709,0.18693244,0.048155427,-0.7547655,-0.127716,0.9835444,0.097766146,-0.10107688,-0.3691774,-0.038398717,0.22501042,0.02848564,-0.09897807,0.19447696,0.17829353,-0.4314919,-0.015315454,0.08719544,-0.043161195,0.0060372166,0.09184168,0.13395002,0.18290554,0.10061431,0.030324206,0.063441515,-0.06599693,-0.022290334,-0.08881317,0.010199606,-0.17652355,-0.04707709,0.09749187,-0.013508009,-0.31495404,0.022604859,-0.031012805,-0.14256485,-0.2056329,0.021372862,-0.104621895,0.0010106415,0.028187295,-0.00055683736,0.10217427,0.040720657,0.031124115,-0.21078563,-0.024555646,0.0039198175,0.013859443,0.031517036,0.09234072,-0.07057221,0.22046012,0.10543805,0.14617594,-0.3810394,-0.30403727,-2.3987799,8.6281645e-05,0.0036569685,-0.4648258,0.23529454,-0.1336574,-0.072095506,0.10562609,0.28086376,0.21403061,0.10975769,0.05322201,0.077061385,0.24607837,0.075483695,-0.36385104,-0.022031717,0.0410837,-0.16128498,-0.025144458,0.2913257,-0.016718887,-0.37789437,-0.1873885,-0.042282905,0.28283882,0.0704937,0.4151739,-0.09479709,0.0019760854,0.22101896,0.18183753,-0.5319371,-0.10349026,0.031614512,-0.01946475,0.036586784,0.19038628,-0.17332171,0.00886498,-0.046043634,0.3017032,-0.14700171,0.34251207,-0.0064846473,0.1432097,-0.28889573,0.199262,0.01913133,-0.08226961,0.0037905537,-0.19953212,-0.08728028,-0.1302518,0.120976254,1.2172494,-0.0100692585,-0.07638544,-0.009530932,-0.034339223,-0.13205232,0.21746522,-0.52202606,0.49566865,-0.06299631,-0.019538369,-0.2384099,0.36008757,0.06684908,0.013373993,0.03032734,0.08105368,0.003921874,-0.16663828,0.12487935,0.70349574,-0.06435646,-0.12738301,-0.18365672,-0.98678887,-0.25330633,-0.13783677,0.027689978,0.01754999,0.04862088,0.047438435,0.07164692,-0.011469297,0.85090005,-0.2338816,1.5504651,-0.06907649,-0.00511859,-0.4004295,0.119315274,-0.016741067,-0.13123916,-0.00046351153,-0.23752773,-0.008870468,0.056720562,-0.12130591,0.19085637,0.13746862,0.15010574,-0.2300552,-0.02614737,-0.06684978,-0.06642462,0.2621132,1.1279103,-0.061856363,0.7692093,-0.0245434,-0.12099779,-0.028665997,0.31950706,0.016286036,-0.04601229,0.14025329,-0.07212656,-0.076289296,0.28900534,-0.03134761,-0.9167633,4.9973096e-05,0.1598232,-0.47190094,-0.34261423,0.31808057,0.19522044,0.20896606,0.26557842,0.17788489,0.11994366,-0.12691239,0.12975582,0.14950252,0.085629985,0.06280391,0.03205297,0.13379455,0.3225075,-0.12478793,0.042651266,0.22384875,0.13044122,0.007851219,-0.076493174,0.17581438,0.157705,0.0136997625,0.7074945,-0.131928,-0.051676724,0.0005210899,0.12483439,0.08076808,0.5604893,-0.028337896,0.033535,0.039146762,0.64497906,0.018948209,-0.19940881,0.1301738,0.07739434,0.022688407,-0.058247373,0.10909811,0.14000711,-0.73862505,0.29304335,0.22114933,0.06314369,0.07752846,0.049025785,-0.15978098,0.070917234,0.031968057,0.0059170797,0.027087893,0.09424672,-0.2510232,0.23726167,0.18506673,0.27150327,-0.41784114,0.30588827,0.03188636,-0.17170943,0.030915087,-0.18173581,0.12210555,0.16946404,-0.08826265,0.0012605339,0.007779777,-1.4062346,0.36593997,0.008991241,-0.40996724,-0.0116793215,0.2845351,-0.008253801,0.7683358,-0.14859892,-0.749833,0.24321178,0.27090392,0.58203465,0.22465166,0.1812186,0.34007758,-0.024767727,0.06379462,-0.090765744,0.17903717,0.20699985,0.11158241,0.032008708,0.050157253,-0.05274126,0.33304393,0.105011985,0.014941374,0.3085098,-0.08194575,-0.044055857,0.055936575,0.09529208,0.014833606,0.66139966,0.45623493,-0.07296377,-0.017999217,0.044711847,-0.11056348,-2.261528,-0.061079428,0.41068298,-0.2160278,-0.042885873,-0.09430594,-0.12755199,0.20225482,0.23313323,0.18387973,0.110066235,-0.014210515,-0.07894243,0.012161978,-0.06163299,0.2720349,0.15408051,-0.14052942,-0.22130485,-0.050579667,0.21518196,-0.14276187,-0.23971821,-0.028935231,-0.13100249,0.020445675,0.043642014,-0.029936323,0.0035861433,-0.34920388,-0.2930154,0.22088115,0.095549166,-0.10281546,-0.07298648,-0.12715563,0.27729797,0.07742456,-0.041194953,-0.09616123,0.101758964,0.090448484,0.057648867,0.06637528,-0.14186342,0.3581583,-0.13688737,0.35977206,-0.041113958,-0.13339493,0.121683605,0.23008263,-0.11008702,-6.2958937,-0.081381634,-0.03870773,-0.342174,0.11932528,-0.2775959,-0.07986431,-0.1186348,-0.8163767,-0.021083534,0.0033164546,-0.18271068,-0.402294,0.19769897,0.051335536,0.39920795,0.0741731,0.25575373,-0.12152313,-0.18554665,0.35636306,0.114775285,0.09971993,0.3719016,0.5645094,0.22962539,0.011908606,-0.04932905,-0.13939822,0.14581564,-0.10418808,-0.32287836,0.16505513,0.060435705,0.21442574,0.07424085,0.029655535,0.155741,0.020674827,-0.3215592,-0.09251389,0.0067644566,0.09851616,0.21785592,-0.025809124,-0.15948892,0.0058524525,0.15875432,-0.108706996,-0.096583486,-0.005040003,-0.3455975,0.2608495,0.06671336,-0.2493158,0.63094246,0.042615395,0.18792759,-0.07598252,0.18516338,-0.033928007,0.38155207,0.10562828,-0.056216076,-2.0115912,0.28400555,0.0019832216,-0.038834542,0.08054058,0.09749457,-0.060397677,0.036885317,-0.09193595,-0.08423026,0.014900802,-1.0140901,-0.21205804,0.08380401,-0.03795775,0.008497898,-0.1267822,0.09617541,0.6274088,-0.13479087,-0.04076024,-0.036795042,-0.08716169,-0.05910787,-0.10174778,0.035961494,0.21675646,-0.36726528,0.17584667,0.036685534,-0.17020386,-0.21288356,0.009836882,0.03498213,-0.2359272,-0.07056691,0.14160192,-0.07663782,0.043366075,-0.24318546,-0.05204452,0.54367805,-0.27962863,-0.33511156,0.13996631,0.5385067,-0.010754298,-0.08913891,-0.09428502,-0.14533341,-0.16756828,-0.4513054,-0.073199764,-0.10170314,0.031094123,0.34592503,0.12204271,0.027825333,0.12595919,0.12185515,0.010121468,-0.09067698,-0.41737717,-0.24273224,0.10034174,-0.0846155,0.037318215,-0.02790483,-0.030190472,8.0272555e-05,0.31134927,-0.012674026,0.2548791,-0.00718534,-0.0566403,0.121077314,0.62765235,0.06522539,-0.076293044,-0.045864,-0.09909125,0.47132486,0.054109365,0.019184262,1.2634655,0.07966358,-0.016336333,-0.116350785,0.20037106,-0.12408992,0.18995158,0.030484254,1.8233894,0.23798932,-0.010958642,1.1330638,-0.058964808,0
0.027113013,0.042396814,0.22006205,0.38240117,0.19749331,0.12540059,0.35086438,0.09636826,-0.10680523,2.0240614,-0.03462565,-0.036694393,-0.5014137,0.17720023,0.2263778,-0.002001088,0.037912115,-0.0471109,-0.26836398,0.011766002,-0.10248709,0.037704736,0.3579299,-0.30302432,0.27099264,-0.16426854,0.3945733,0.1832266,0.3319162,0.044513207,0.056661576,0.12332494,-0.017561164,-0.0034118257,-0.2524807,0.04152137,0.14340425,-0.017354,-0.11930503,-0.08094849,0.016066317,0.46110883,0.35883796,0.07932781,-0.04156761,-0.23802657,0.12306975,-0.05614576,0.2765837,-0.2922488,-0.05218839,-0.58330303,-0.17749757,-0.033921305,0.6553034,-0.16426897,0.013252437,0.0073560774,-0.03568645,0.010642975,-0.47318226,-0.08006163,-0.06602895,0.38581383,0.32319403,0.008828767,0.05124121,-0.41837084,-0.10479417,-0.05760441,-0.18860587,0.061911363,0.075522155,-0.05046901,-0.056011334,-0.0011699386,0.28348756,-0.32382447,-0.011583477,0.14164428,2.1781073,-0.23384215,0.12248063,0.16598351,2.6973715,0.14312348,-0.18490954,0.086905316,0.11771622,-0.4169982,0.0064097084,-0.043092504,-0.39900592,-0.037046596,-0.02451645,0.17919716,0.11326814,-0.17302117,-0.75282264,-0.07336004,-0.008520238,-0.06913812,0.13669562,-0.2071409,0.2950433,0.013186097,-0.12480204,-0.20235413,0.018498745,-0.14590791,-4.525446,0.024164602,0.011957414,0.03149291,0.22440687,0.1433267,0.10892522,-0.0392778,-0.09153211,-0.62382686,0.012495534,0.08848058,-0.00251057,0.025690038,-0.05172141,0.09589003,0.12517318,-0.1198917,0.163171,0.32234618,0.041659646,0.0034037828,-0.1839411,-0.2912976,0.17159206,-0.4086625,0.024800245,0.23622689,-0.09724977,0.010671873,0.024559025,0.03710126,-0.1618849,0.250797,0.27961117,-0.12653755,-0.06992344,0.07096663,-0.16119263,-0.02796644,-0.087107,0.06799267,-0.0750241,0.0112141,0.42194626,0.15100664,0.09002699,0.06721738,0.22905481,-0.046732485,-0.04872299,0.19254369,0.21544424,0.023900375,0.1082357,0.115539804,-0.011532418,0.29643267,0.29019657,-0.20768571,-0.03818532,0.053951852,-0.16034806,0.102991715,0.027228452,-0.14409202,-0.51978636,-0.18587048,-0.22530651,0.29237968,0.01940018,-0.13315073,-0.2086268,1.1492856,-0.35598323,0.15929806,0.027688872,0.12815365,-0.047681056,0.03038529,0.037138175,-0.034649298,-0.0072703846,0.046250846,-0.04783416,0.13534823,-0.23705572,0.102381594,0.1049642,0.25204194,-0.033067487,-1.0427614,-0.12005571,-0.080518655,0.042989314,-0.28179586,-0.10462637,0.10268599,0.0793025,-0.15040582,0.098488,0.12688977,-0.1159196,-0.10799999,0.06760108,0.018704778,0.33417308,-0.013568312,0.0009116589,-0.090214774,0.41443023,0.31677562,0.13641068,-0.009599593,-0.06869058,-0.077621795,0.5671892,0.09940567,-0.04802955,0.23865181,-0.24884206,0.06507659,-0.47107196,0.037187483,0.0016303286,-0.025360443,0.13922155,0.06930977,-0.17415154,0.12589772,-0.22709414,-0.08381612,-0.009711258,0.0025318852,0.004330639,-0.041056767,0.0145607665,-0.24850506,-0.019516714,0.2633974,0.112393096,-0.11226709,0.04396133,0.097923316,0.09195095,-0.09233523,0.37205285,-0.5985081,-0.010942988,0.26434702,1.447675,-0.36300957,0.18578082,0.050455153,0.70667475,0.65620065,-0.19756056,-0.13627134,-0.022766558,0.21449268,0.13765207,-0.13456582,0.1066947,0.048395075,-0.06377768,0.4448002,0.09854201,0.15343669,-0.10220535,-0.03141221,-0.04523489,0.1088898,-0.26855746,-0.053987768,-0.42604345,0.23960198,0.15991184,-0.3623526,0.15799206,0.26786023,0.030786885,0.043054476,0.029400673,-0.18967432,0.062480323,0.018238373,-0.13567227,0.1400919,-0.12650406,0.13352516,0.1458162,-0.17776205,0.376768,-0.33096242,0.038116228,0.1584455,-0.12624268,0.11776321,0.2506293,-0.24747875,0.29171765,0.5517508,0.07754901,0.029477892,0.055427466,-0.25171325,-0.035969257,-0.26162165,-0.15856259,0.37451053,0.004491415,0.023561515,-0.048482545,-0.15214781,0.5587115,0.46844542,0.016887665,-0.020580798,0.026144639,0.08640514,-0.021258749,0.13070042,-0.1409147,0.25809962,0.40885717,-0.38595477,0.091632724,0.031248914,-0.23324157,-0.27316442,0.12660775,0.049030475,-0.10013747,-0.3752028,-0.087030046,-0.22364387,0.21447998,0.06425482,-0.2615688,-0.051404707,-0.17124677,0.52193314,0.031645462,0.19293198,0.89264077,0.01936739,-0.16479343,-0.05402462,0.0866139,0.2325912,0.025659751,-0.029260118,0.035555527,1.1327485,0.025263904,-0.0054004397,-0.038444065,0.03231176,0.23997755,-0.2266118,1.1002477,0.08319745,-0.1529808,0.01906494,0.090821,0.5548713,0.38938868,0.02034171,0.102801695,0.0026780297,0.10965435,0.12706843,-0.14759202,-0.19041425,0.08473931,-0.004838653,0.4621769,0.095875606,0.0014907952,-0.337789,-0.22176884,0.118760824,-0.29246172,-0.12114748,0.1650371,-0.023624957,-0.014858276,-0.24666399,-0.5769566,-0.27187198,-0.13769203,-0.0742504,-0.39305347,-0.11421965,0.12135245,0.0010616481,-0.15872845,-0.10204817,0.15915598,0.03529184,-0.22232197,-0.12905554,-0.07308552,2.5434227,0.074797034,-0.2137258,-0.12629351,0.034801286,-0.17580134,0.721121,-0.24392831,-0.03921693,0.0012981668,0.007047057,-0.020480514,-0.09012051,-0.1709488,0.122302644,0.13531785,-0.13002327,0.2054533,0.14077666,0.0007064827,-0.10874575,0.258809,0.068568945,0.3221453,0.092960075,0.28731623,0.15145434,0.47974402,-0.21799842,-0.3160026,-0.49397576,0.09310074,0.025031362,-0.0063713454,0.16991097,0.058024675,0.25458562,0.07266332,-0.13992848,0.09734726,-0.17239296,0.13456018,-0.278704,-0.16358107,-0.023614012,0.32140124,0.03365473,-0.2315422,0.24303356,0.084457956,0.37459743,0.08067638,-0.0772858,0.010406792,0.16608375,-0.09522325,0.32833725,-0.5097958,-0.26734817,0.24546996,-0.12284595,0.14622548,0.35343298,0.10019593,-0.025611378,-0.051613666,0.15229228,-0.17921178,-0.1366078,-0.05163651,0.20993015,-0.031241566,-0.38148922,0.2979259,-0.591063,0.0883607,-0.07547772,-0.018046092,-0.0006843067,-0.141882,-0.110980675,-0.34191737,1.6055497,-0.12073135,-0.027530491,-0.25065774,-0.3714759,-1.301029,-0.3823014,-0.05373035,-0.34984583,-0.9228866,-0.15595931,-0.30109975,0.08399706,0.03620422,0.24898028,-0.28188324,-0.19339803,0.071566306,-0.5495502,0.21379529,0.04593751,-0.62369347,-0.17237458,0.9017828,0.029410489,-0.12543759,-0.31478453,-0.08431659,-0.09473544,0.058291927,-0.041129693,-0.03266626,0.15260346,-0.30569553,-0.0096565485,0.059365958,-0.064468965,-0.023131674,0.15707618,0.06377595,0.05386842,0.08608354,0.041949864,0.018586017,-0.04891481,0.033100467,-0.120058015,0.22452435,-0.14857465,0.001878781,0.086447954,-0.0197618,-0.3104003,0.06489132,-0.07796754,-0.1048905,-0.16577758,0.024015324,-0.2120165,-0.007031273,0.036663562,-0.00071448355,0.07910253,0.03744877,0.12198782,-0.02791281,-0.0069600083,-0.005599048,0.04873121,-0.010175513,-0.014267482,-0.11527672,0.16555955,0.113704376,0.24798898,-0.35086608,-0.1567163,-2.5204694,9.0907684e-05,0.13689041,-0.25021392,0.11665077,0.27941534,-0.079551816,0.11281414,0.28330013,0.07496242,0.09258486,0.1242616,-0.111962974,0.3369525,0.13748214,-0.407186,0.042869203,-0.020142287,-0.090195015,-0.3043176,0.2457819,-0.04061214,-0.45213097,-0.1162844,-0.043170143,0.4578607,0.059570752,0.56251556,-0.09526092,0.0021479959,0.106060155,0.07653587,-0.15077364,-0.16651121,-0.10499248,-0.03330735,0.08579341,0.16098553,-0.18493417,0.04999513,-0.12924325,0.24648681,-0.08420755,0.3145377,0.013158826,0.15072918,-0.28994924,0.17368172,0.026640797,-0.030244805,-0.12146834,-0.2035985,0.012517553,-0.084661245,0.12272444,1.6894224,0.025350148,-0.10251806,0.0030356422,-0.052003067,-0.13048758,0.29335126,-0.35679173,0.7392442,-0.0068448675,0.044801213,-0.15539211,0.24502943,-0.17486289,0.026669301,-0.027243998,0.12697598,0.022396654,-0.09819269,0.09963366,0.2496219,-0.060739234,-0.095723175,-0.15609804,-0.88913643,-0.28113765,-0.1648489,0.050201062,-0.04461199,0.15595806,0.031499565,0.06423815,0.0360405,0.86225295,-0.10286179,1.8347282,-0.123319834,0.025644504,-0.3261402,0.087110095,0.020808548,-0.1398153,-0.0004492866,-0.25727597,0.034231212,0.06226624,-0.16587615,0.16606468,0.0940309,0.085031494,-0.083910026,-0.047595613,-0.20397815,-0.030701654,0.436412,1.4318321,-0.05398528,0.6150306,-0.05021448,0.07692086,-0.16530547,0.23248002,0.020703234,0.038754117,0.23788346,-0.012502521,-0.014059797,0.1740846,-0.04836145,-0.93628454,4.5654695e-05,0.07525822,-0.37597066,-0.17055982,0.08586311,0.21679594,0.24601877,0.14276423,0.12553419,0.17941667,-0.18367071,0.10820199,0.20227432,0.07318248,-0.035435185,0.08734587,0.06688149,0.28194422,-0.07087011,0.018560734,0.34905428,0.14270654,-0.06414595,-0.07680537,0.33374405,0.21153784,-0.041142646,0.37264603,0.0028109103,0.023837347,0.021319965,0.1594141,0.024734681,0.5281581,0.037535865,0.032634087,0.027686693,0.19804512,-0.009939802,-0.1773859,0.09669872,0.050131977,0.15427878,-0.0031356476,0.108723074,0.11893124,-0.595111,0.21051817,0.2451036,0.016846359,0.07067425,0.07998071,-0.12282676,0.03096922,0.012326121,-0.05002063,0.0006124601,-0.046594672,-0.18746008,0.07466105,0.17692265,0.15664648,-0.18745254,0.29936585,-0.09208432,-0.1645864,0.0058882274,-0.2382577,0.1448357,-0.17327523,-0.17189728,-0.0362676,-0.041644543,-0.8548176,0.0556322,0.012124062,-0.46488425,0.3732273,0.44727135,-0.062854804,0.75068986,-0.26483807,-0.7118422,0.22936454,0.22265062,0.83954775,0.22540882,0.0026281737,0.2595352,0.05636149,-0.02858597,-0.050635763,0.11098951,0.012053698,0.103842065,-0.007796988,0.07724481,-0.11981529,0.39372602,-0.09009295,0.018498924,0.28622508,0.25576815,-0.00558313,0.050116763,0.073450446,0.021380924,0.5792594,0.7164934,-0.08195937,0.15667775,0.036805123,-0.17307983,-2.2395847,-0.032665536,-0.19829533,-0.07496393,-0.008942549,-0.1681531,-0.124901995,0.3052935,0.25220245,0.16894533,0.07870983,0.08827974,-0.19160555,-0.02032391,-0.042449974,0.29200256,0.10309747,-0.18290214,-0.34589037,-0.15670443,0.22027262,-0.1927824,-0.30308408,0.062925816,-0.078902185,0.0017831177,0.187817,-0.14895211,0.026019372,-0.2264855,-0.42335737,0.45092437,0.0289529,-0.10113002,-0.0911353,-0.17297885,0.29910564,0.0651898,0.01445823,-0.122515,0.12781139,0.06988389,0.07911,0.06343663,-0.13732243,0.35352948,0.0009773523,0.44319668,-0.030888349,-0.13726309,0.058183663,0.42779654,-0.06944337,-7.633863,-0.097892344,-0.04366496,-0.25848684,0.060353093,-0.24638516,-0.15130898,-0.09375264,-1.0389507,-0.026181176,-0.01331353,-0.17364132,-0.31965074,0.32052058,-0.08016513,0.1640509,0.04405631,0.26456702,-0.26568648,-0.17181534,0.3176632,0.25152105,0.09872721,0.32006624,0.11382717,0.28823882,-0.069562234,-0.026793983,-0.1728059,0.21402778,-0.18341632,-0.21260428,0.11889015,0.02778536,0.24250093,0.13050202,0.11342079,0.07860419,0.030536372,-0.2936463,-0.077429116,-0.019991096,0.02593898,0.28351596,-0.16683191,-0.2120361,0.09333771,0.102702305,-0.09164898,-0.037611358,-0.0049507534,-0.44475585,0.21944048,0.049879126,-0.16387576,0.55815756,0.15403515,0.2600931,-0.06457313,0.1855799,0.0048279963,0.13930736,0.13044196,-0.021451268,-2.0136185,0.36635014,0.02508201,-0.032229986,0.07938424,0.1019105,-0.020653032,0.15165463,-0.011798877,-0.2641363,-0.013389651,-0.9566798,-0.55855817,-0.0066075623,-0.11321539,0.04143864,-0.21239129,0.061564244,0.88302326,-0.15903799,-0.09303457,-0.21047944,-0.04977162,-0.023409456,-0.10412391,0.053232208,0.13026634,-0.34859154,0.12739617,-0.16835938,-0.2269361,-0.2629776,0.08897915,0.046130903,-0.15831113,-0.38613993,0.08466746,-0.0729343,0.055706758,-0.24185832,-0.036322005,0.48934188,-0.2612279,-0.34044662,0.029741596,0.5981941,-0.03747199,0.057549678,-0.15950534,-0.0153271705,-0.1543648,-0.3155069,0.06230035,-0.08796687,0.013189992,0.36170763,-0.015493052,0.0509193,0.13107088,0.096122995,0.22867058,-0.052420083,-0.45924795,-0.29279816,0.028276503,-0.1020149,0.0511169,0.023015343,-0.068861276,0.0852022,0.25807557,0.018674374,0.22079004,0.13507107,-0.07616788,0.12128256,0.66216564,0.13104434,0.17308778,-0.06587573,-0.11451757,0.30220145,0.13315725,0.06986365,1.4707978,0.12844142,0.03773089,-0.033677172,0.12256662,-0.13083717,-0.06482175,0.05545448,2.1063144,0.23714976,-0.026246086,1.057387,-0.042406395,1
0.00033752248,0.068482414,0.20952526,0.17992656,0.6271006,0.24201003,0.8872494,0.16749844,-0.114394955,1.7934822,-0.031129736,0.017472334,-0.37003258,0.032479744,-0.33191267,-0.0670043,0.00301986,-0.099396266,-0.14156115,0.0051043034,-0.5015103,0.009575248,0.3518717,-0.15605778,0.22630921,-0.36357635,0.1991124,0.2293697,0.280631,0.03919993,0.053345136,0.14756612,-0.0071835993,0.0085876435,-0.33950606,0.00209786,0.034375604,-0.09725602,-0.052793037,-0.13346985,0.10430369,0.24154755,0.44166827,0.09098011,-0.096849024,-0.24200322,0.05276393,-0.059006464,0.15672012,-0.33591744,-0.041069385,-0.48544717,-0.065811925,-0.009673413,0.5530675,-0.10370027,0.036144827,0.31899005,-0.08284109,0.12742376,-0.5952202,-0.15622017,-0.10237099,0.45587403,0.27878186,0.13816698,0.10309174,-0.3919769,-0.086714506,-0.06264936,-0.17706798,0.012343526,0.103290066,-0.12160263,-0.031840757,0.02214257,0.21225484,-0.25799653,-0.07954797,0.043082267,2.1681705,-0.23596126,0.08742514,0.26280853,2.6034613,0.087768205,-0.28452393,0.109317124,0.09542683,-0.014350906,0.030931883,0.009260252,-0.20875022,-0.05344159,-0.10895397,0.11660225,0.06603039,-0.07059072,-0.8132092,0.0056837145,-0.06312823,-0.043618694,0.3132969,0.042181384,0.2633887,-0.038591504,-0.089528665,-0.27037165,0.06694226,-0.14849535,-4.3115745,0.104601644,-0.030769885,-0.06298051,0.19749881,0.15781851,0.062160593,0.05362951,0.073746294,-0.5982077,0.10793852,0.116758525,0.009090222,0.05187749,-0.12868974,-0.072957724,0.06500205,-0.10482839,0.1071593,0.21468529,-0.14395389,0.0043206066,-0.085482374,-0.123295695,0.12535909,-0.23473763,0.08009827,0.24790025,-0.053336523,-0.0075388346,0.011585352,0.13772444,-0.030367635,0.06096313,0.1933976,-0.034487024,-0.049164567,0.25439885,-0.055389006,-0.026072212,-0.4188012,0.04945477,0.026024329,0.12766328,0.18709174,0.33159,0.10153277,0.16495113,0.23087314,-0.094299436,0.029137395,0.25866604,0.105891936,0.12407471,0.10352287,0.19190443,0.032647267,0.32149673,0.22061041,-0.04452578,-0.12603848,0.070112966,-0.06791129,0.07087712,0.17202863,-0.10576504,-0.5247616,-0.2072872,-0.3072238,0.2729306,-0.23352297,-0.45520872,-0.08666097,0.6964631,-0.4535246,0.24154758,0.04049651,0.26152527,-0.05327044,-0.12811796,-0.011762124,0.13271417,0.013868403,-0.10109097,-0.00700006,0.13989031,-0.062112764,0.08119722,-0.044926457,0.25756443,0.017905774,-1.262483,-0.06428999,-0.12534516,0.08483778,-0.31740534,0.060549933,0.07289718,0.020276325,-0.1491391,0.055012673,0.07450724,-0.12494514,0.0122521,0.123073906,-0.038453788,0.3106132,-0.041862275,0.0009511076,-0.09615892,0.35910678,0.4212904,0.31668907,-0.017860733,-0.13057612,-0.08627145,0.54271317,0.107699305,0.14884937,0.13249655,-0.24447201,0.07330426,-0.31780285,0.036882464,0.053254902,-0.016801655,0.15733188,0.071935266,-0.26697636,0.07269478,-0.11398661,-0.070379846,0.024146613,0.0023805262,-0.0075712763,0.045290742,-0.14139625,-0.26271594,-0.26871413,0.20691244,0.08926932,-0.18482055,-0.08477918,0.15347706,0.10381778,-0.068249114,0.31802976,-0.8577012,-0.040357247,0.21041413,1.685482,-0.47807127,0.028004408,-0.6707666,0.39409804,0.5904597,-0.072869286,0.061946128,0.017521169,0.22367305,0.31488156,-0.04297308,0.10496312,0.013423038,-0.14837697,0.4345351,0.1291956,-0.0058778897,-0.07326778,-0.075802386,-0.0069138706,0.1252228,-0.17433175,-0.08355268,-0.24539022,0.12953326,-0.01685232,-0.17791487,0.18521914,0.29482034,0.030193176,0.11538746,0.10814433,-0.12613094,-0.02684877,0.031747304,-0.12123733,0.20722854,-0.04428026,0.02688576,0.06646892,-0.0911929,0.35751814,-0.36887944,0.06338824,0.013395954,-0.01966875,0.024311058,0.17641799,-0.14409009,0.13403824,0.6854625,-0.0653677,-0.052311182,-0.012309391,-0.16265887,-0.26681384,-0.28271425,0.006395514,0.14830868,0.011251651,0.13488069,-0.07017413,-0.025429934,0.42315948,0.3208301,-0.021031983,0.050694123,0.3148292,0.06574372,0.010479255,-0.032349452,-0.11808346,0.20805663,0.40861794,-1.035502,-0.009625994,-0.023219237,-0.16750894,-0.043600798,0.10437034,0.038655967,-0.07077392,-0.21026388,-0.05510011,-0.21996066,0.20691973,0.2844787,-0.1152819,0.09684072,-0.13861316,0.5496218,0.03702304,0.12770407,0.62829137,0.0065158233,-0.12447843,-0.04408154,0.027707156,0.11748852,0.03601687,-0.04789278,0.12769672,0.8562159,0.045503378,0.050017864,0.046680745,0.013725609,0.18505837,-0.3184644,0.71253186,0.043642752,0.030252878,0.08212943,0.088255845,0.5747124,0.034157015,0.051514544,0.4485616,0.0026684087,0.09365812,0.08581766,-0.13365345,-0.2497678,0.022169901,-0.041608922,0.5092868,0.12841552,0.0015712426,-0.1401732,-0.08902661,0.06257516,-0.2625937,-0.008051902,0.17741735,0.051418915,-0.009242937,-0.36363977,-0.4472322,-0.25265166,-0.12570655,-0.11310847,-0.2500655,-0.23916726,0.27630365,-0.005464781,-0.22294402,-0.043099273,-0.022957653,0.100737475,-0.123258844,-0.07009452,-0.1283282,2.4583514,0.08101487,-0.1341495,-0.15920809,0.0775288,-0.06929321,0.53898036,-0.13625008,-0.07153783,0.04640299,0.09696638,-0.032418817,-0.14296517,-0.15874448,0.049851477,0.11877148,-0.18382567,0.18340191,0.005736217,0.026943026,-0.16138774,0.21763723,0.07213359,0.24427873,0.076000094,0.08421084,0.01458779,0.31739777,-0.20402044,-0.22596194,-0.49885136,0.08429015,0.18473595,-0.049183387,0.03136286,-0.04904782,0.37461877,0.13531382,-0.56499606,-0.063134186,-0.44928432,0.080162674,0.09697452,-0.18264592,-0.114789695,0.25419196,-0.108862385,-0.19014092,0.17278576,-0.17064662,0.42632148,0.06064947,-0.08178167,0.03620781,0.13144682,-0.44197753,0.41913325,-0.39913142,-0.26556432,0.1312539,-0.0759369,0.017994767,0.25336468,0.11548185,-0.0902805,-0.099493876,0.13374364,-0.18589556,-0.108874135,-0.064475134,0.027643358,-0.03850864,-0.2929268,0.23504284,-0.6204794,0.12779766,0.010945953,0.012706861,-0.00073636445,-0.04088883,-0.021977447,-0.25686532,1.9062718,0.10532397,-0.32345507,-0.29810646,-0.025783569,-1.4825603,-0.16869369,0.041644365,-0.10781944,-0.71204793,-0.27698874,-0.28951043,-0.033804648,-0.070896864,0.24313705,-0.23304582,-0.08941037,0.13406627,-0.52779263,0.1938106,0.07562816,-0.63196063,-0.10302231,0.77282995,0.105850376,-0.0051091798,-0.41215515,-0.022765918,0.20814437,-0.057917133,-0.10615934,0.3453316,0.15434636,-0.27607197,-0.014515642,0.13733743,-0.073120266,-0.065337196,0.021122664,0.16117431,0.21753582,0.053201284,-0.026332892,0.19393468,-0.09408858,-0.07001726,0.0255428,0.045430772,-0.019208208,-0.12229773,0.10897495,-0.04764413,-0.21306401,0.025530808,0.20769697,-0.06790786,-0.17418888,0.057282776,-0.120996214,0.0007101372,-0.0042523667,-0.00038715638,0.16972466,0.017399956,-0.07898259,-0.5123341,-0.013550442,-0.043538883,0.113831,-0.009491436,0.13336164,-0.06389222,0.3349055,0.0827316,0.17101827,-0.45932424,-0.39240718,-2.6995537,7.712738e-05,0.38477355,-0.64120793,0.25245038,0.13714105,-0.16952103,0.03477619,0.15015006,0.0385786,0.12871316,0.08239975,-0.3128183,0.2213994,0.08224122,-0.28062755,0.061346006,0.07771276,-0.17458636,-0.13979615,0.18825606,-0.015528597,-0.3900557,-0.09248899,-0.008703556,0.5618583,0.08952735,0.12417668,-0.079032704,0.0021100312,0.099213816,0.013847634,-0.46070677,-0.13374081,0.016286977,-0.08640145,-0.08187027,0.21701561,-0.20830546,0.13213724,0.0118044615,0.13454463,-0.13649309,0.16113913,-0.069746345,0.23270586,-0.3701236,0.1477492,0.06414878,-0.08635929,-0.01566726,-0.19709882,-0.14557624,-0.13355894,0.065958194,0.8447436,-0.026932824,-0.059823416,0.020294106,-0.038272522,-0.1191998,0.37412512,-0.49717838,0.5360727,0.030611593,-0.0077875424,-0.12707475,0.51634526,0.024112761,0.00018814951,0.039039083,0.08055876,0.01645258,-0.14355174,0.17948991,0.73569095,-0.092753,-0.062043622,-0.09491156,-1.1102254,-0.4042443,-0.10579075,0.04598503,-0.032022003,-0.009870574,0.0023771897,0.10322338,-0.025197301,1.2668617,-0.227125,1.9256139,-0.258966,0.0027008802,-0.8159799,0.13606945,0.04620321,-0.03910947,-0.0004552517,-0.3227561,-0.063459314,0.05572548,-0.14372543,0.08819118,0.16089924,0.055827856,-0.07188742,-0.017830294,-0.019313961,-0.12440741,0.4321291,1.8982505,-0.10001442,0.5744556,-0.11843531,-0.3729247,-0.08547469,0.17068172,0.016043074,0.0037476607,0.07869223,-0.2505344,-0.06018112,0.22537494,-0.048427477,-1.4646491,4.944237e-05,0.086149715,-0.6362088,-0.2896207,0.6451846,0.22347176,0.295497,0.012271972,0.25664887,0.07275127,-0.13256994,0.1661406,0.27477792,0.020985678,-0.050356388,-0.021755084,-0.045840394,0.4347735,-0.023800831,0.020073231,0.40426677,0.027919155,-0.12893091,-0.079792984,0.110241726,0.22325806,0.023420533,0.4122884,-0.080318466,-0.00035318008,-0.018763736,0.10553691,-0.018752307,0.4270271,0.0087635815,0.013778681,0.08522312,0.17211542,-0.0216663,-0.12609747,0.15484777,0.15068015,0.0069439,-0.0092621595,0.13936874,0.08933535,-0.42774487,0.39044452,0.24305245,0.10121754,0.03490361,-0.006550975,-0.118534215,0.08387707,0.15158646,-0.05827477,0.05156952,0.16942033,-0.27028635,0.08535944,0.04408586,0.3518542,0.07725392,0.28614315,-0.26932347,-0.11806446,0.09021245,-0.17451161,0.15582336,-0.17682071,-0.20938993,-0.105810516,-0.1240679,-0.9226396,-0.13332227,0.038364887,-0.4033564,0.87064815,0.25705755,0.019264368,1.1598928,-0.1659502,-0.86724436,0.1687054,0.28671002,0.468794,0.29497293,0.2988891,0.13379173,0.12639326,0.11335935,-0.058036238,0.06162089,0.21344751,0.19554666,0.092064105,0.09612414,0.022101281,0.34849858,-0.03881884,-0.10060815,0.17255726,0.088923156,-0.08711442,0.18736415,0.1045628,0.031278268,0.6297308,0.7064372,-0.1451017,-0.025882483,0.044848483,-0.039510835,-2.2823083,-0.124616615,0.3498454,-0.20176956,0.006160688,-0.105142884,-0.08865094,0.30757195,0.27245224,0.16465022,0.14488468,-0.03665598,-0.012223224,0.020138148,-0.011791073,0.31478187,0.1261847,-0.22658472,-0.14098385,-0.10623781,0.28359893,-0.25362355,-0.2416883,0.10884909,-0.023446262,0.018408298,-0.039880246,-0.11902262,-0.027582966,-0.31472173,-0.40441144,0.17130542,0.042131215,-0.08304183,-0.047120266,-0.046260424,0.24646184,0.11480058,-0.057118956,-0.13251893,0.21190833,0.120357886,-0.017246692,-0.036962107,-0.090871386,0.5069715,0.067190826,0.37110594,0.01628263,-0.08154776,0.024235126,0.4382864,-0.11358617,-7.8292665,-0.016020317,-0.094859526,-0.29648072,0.107105866,-0.29156333,-0.14526953,-0.09757332,-1.2490308,-0.002122879,0.034317404,-0.2265631,-0.0402385,0.2906461,0.051817365,0.041810732,0.060828798,0.21287051,-0.1031,-0.16166665,0.28799307,0.15270568,0.092748255,0.41267043,0.5941385,0.26983893,0.07243715,0.024003996,-0.15273042,0.21230924,-0.14054812,-0.54567057,0.054673098,0.067418754,0.40106612,0.20095474,-0.021084301,0.12814113,0.018022696,-0.25286245,-0.019136928,0.00365977,-0.00502073,0.22550295,-0.07313813,-0.19468324,0.064114615,0.0800977,-0.16440351,-0.06259112,0.031416968,-0.42839116,0.18445985,0.08367063,-0.14577882,0.77561855,0.08874994,0.1829587,-0.068143725,0.21577984,-0.020167831,0.29820734,0.17153575,-0.05428455,-2.0121896,0.33988795,0.03967119,-0.04012049,0.083459176,0.07741591,-0.07865564,0.0024293596,-0.20724592,-0.1223158,0.007455718,-0.76947474,-0.5675342,0.018682405,-0.11410954,-0.020436477,-0.090343475,0.043663472,0.719017,-0.08342214,0.007954925,0.0010620803,-0.058732703,-0.028900675,-0.043949973,0.19740215,-0.04711078,-0.4438389,0.10563214,-0.22555466,-0.10599518,-0.069394216,0.12120108,0.09126776,-0.20254937,0.15491149,0.32554168,-0.09122162,-0.05298717,-0.21288507,-0.04097933,0.5587146,-0.21314804,-0.28179353,0.22050397,0.5288244,-0.019136537,-0.040868938,-0.11776689,-0.17055613,-0.13444224,-0.39421663,0.03934729,-0.10432075,-0.030260697,0.10700995,-0.092535704,0.041801758,0.04376901,0.0031507239,0.29827428,-0.12693997,-0.39699182,-0.2956996,0.026336439,-0.12531418,0.058213953,0.016727041,-0.1172064,0.0732149,0.21515644,0.1940535,0.15661448,0.02610043,-0.038141087,0.14553209,0.5577991,-0.045919407,-0.03888144,-0.12575613,-0.0395943,0.45641708,0.08099482,0.062828705,1.6646602,0.045097545,-0.03553241,0.05035734,0.16176827,-0.19361573,-0.303396,0.045210432,2.301393,0.20930319,-0.074776635,1.3953552,-0.059489895,0
-0.0044422373,-0.00205414,0.18784286,0.18222761,0.47141838,0.3614624,0.5496406,0.14120005,0.0036272127,1.8825612,-0.038612697,-0.050447218,-0.351739,0.02978051,-0.05065191,-0.037165955,0.19891375,-0.06457428,0.093433306,0.050460845,-0.184593,-0.1154152,0.28542283,-0.16287015,0.16633317,-0.120919034,0.2420183,0.08105665,0.35510862,0.0037080646,0.16751441,0.09460531,-0.0037632687,0.006145004,-0.25532088,-0.052229702,0.08713313,-0.08574696,-0.058917962,-0.123556316,-0.043920554,0.44042933,0.28468838,0.112769336,-0.009474471,-0.15436119,0.007693436,-0.14915338,0.033575214,-0.33002114,0.084976375,-0.26024666,0.111705154,-0.067581214,0.3621535,-0.06958873,0.00024277344,0.1387147,0.022653762,-0.10024978,-0.23983388,-0.16792032,-0.1346207,0.38344505,0.3527819,0.15082648,0.08485442,-0.3056225,-0.057773672,-0.036456235,-0.1016165,0.028863449,-0.115872085,-0.054879196,-0.12880877,-0.0025595948,0.15350793,-0.1685284,0.054369785,0.034994677,2.2116756,-0.27378514,0.109887265,0.26065496,2.239473,0.20151606,-0.050823703,0.05930329,0.08998849,-0.42302084,0.04219673,-0.050673902,-0.14299023,-0.045409907,-0.0066458806,0.13403007,0.15410078,-0.18382247,-0.69218737,-0.06192636,-0.07222535,-0.00470512,0.162375,-0.3391415,0.2242384,0.14188415,-0.14874575,-0.1620793,-0.05567425,-0.13973737,-4.245547,-0.08345841,0.115311824,0.028949589,0.2644777,0.11100468,-0.01578971,-0.042724535,0.11268156,-0.38954556,0.111868516,0.15344152,0.015678564,0.08006278,-0.24331942,0.072540805,0.012923181,-0.11135277,0.20027396,0.28088874,-0.110237435,-0.036117926,-0.023720562,-0.27098238,0.17995705,-0.198764,-0.014185548,0.29102206,-0.14880049,-0.060269512,0.04264365,0.054043908,-0.04016505,0.14442584,0.28830183,-0.04062908,0.12208944,0.15289739,-0.045657992,-0.08807415,-0.52701485,0.057836834,0.04590172,-0.041187838,0.19836345,0.18233919,0.0959209,0.10070692,0.022657663,0.09331791,0.038545728,0.30121717,0.1570629,0.048232332,0.07138744,0.25969514,0.14218816,0.13488202,0.3248994,-0.06828895,-0.02066087,0.21105748,-0.013819069,0.08419832,-0.28088188,-0.036872186,-0.6817547,-0.05728736,-0.3105659,0.26238543,0.28531903,-0.24956968,-0.13339542,0.7111856,-0.4023964,0.37398794,-0.01752374,0.21385637,-0.052132122,-0.16462347,0.00889048,0.061647218,0.014194556,0.030659957,0.1495304,0.15316193,-0.100673884,0.07362008,0.06615717,0.24980405,0.043168712,-1.1667111,-0.04903838,-0.07162725,0.13027215,-0.1444204,-0.059651874,-0.005098447,0.060464196,-0.15643646,0.09110902,0.12482054,0.018709429,-0.15669543,0.19764742,0.009184264,0.22219516,-0.021902367,0.00095242565,-0.05917877,0.27137783,0.39391112,0.00726174,-0.06899086,-0.08035219,-0.025491316,0.38149503,0.15329815,0.36983165,0.28080523,-0.26382494,0.079701155,-0.3758617,0.029820956,0.029130224,-0.095444396,0.046719134,0.042961214,-0.21845764,0.1150707,-0.3020628,-0.025223568,-0.06361377,0.0024003498,0.006389754,3.0271709e-05,-0.029276446,-0.1442703,-0.23234189,0.34605515,0.15306056,-0.12726136,-0.44741985,0.19984888,0.04787532,-0.102899805,0.27475283,-1.0741751,0.053399727,0.29523528,1.5067762,-0.18899249,0.08451921,-0.729645,0.67128557,0.5217781,-0.17761534,-0.11012271,0.018950175,0.05832719,0.23823102,0.0022282638,0.070969686,-0.022563515,-0.18405434,0.594144,0.11021988,0.064602114,-0.1207828,-0.022944842,0.18004744,0.06372622,-0.029425802,-0.023955967,-0.41209513,0.14971349,-0.0006056726,-0.19934341,0.33787945,0.14641833,0.03023849,0.036470644,0.050225753,-0.008788511,0.029798564,0.06367946,-0.10114394,0.032405376,-0.16916764,0.1077759,0.0041565,-0.17589973,0.15126091,-0.27206072,0.036747992,0.0917989,-0.03582616,-0.06246686,0.22196352,-0.22832802,0.23836589,0.6581618,-0.089224346,0.076779455,0.11417884,-0.4153876,-0.5896266,-0.30018032,-0.0950904,0.09976701,-0.18466426,0.078059316,-0.07387258,0.03660322,0.4971391,0.29091883,0.03368042,-0.02989275,0.20467138,-0.052116893,-0.044733852,0.05927579,-0.16646071,0.20786399,0.48588493,-0.502411,0.043416277,0.08665205,-0.49135113,-0.090744466,0.09851259,0.02897092,-0.10931563,-0.35258052,-0.13977735,-0.10319131,0.28553486,0.21265075,-0.015276447,0.014524154,-0.19441462,0.4263072,0.016231388,0.14625789,0.5204363,0.0423987,-0.077690154,0.04901222,-0.0070905983,0.17730603,0.010143464,-0.09827886,0.13596694,0.95197695,0.03956387,0.033916283,0.05574633,-0.011624366,0.15311551,-0.77718353,0.5451422,0.07586938,-0.12624227,0.098630846,0.07387665,0.4034711,0.12781239,-0.012304824,0.6036967,0.0026462723,0.060157858,-0.0003336072,-0.10888164,-0.20676886,-0.13429327,-0.02270417,0.44085324,0.1785214,0.001561031,-0.14024132,-0.27581853,0.04320009,-0.23690602,0.016687877,0.14554189,0.12571853,-0.006860234,-0.36349612,-0.47573003,-0.15210819,0.05748374,0.01295213,-0.3338683,-0.33186424,0.18973666,-0.00656417,-0.21962771,-0.121992856,0.24689938,0.06153405,-0.19806227,-0.16282672,-0.2985172,2.4746659,0.003057167,-0.22758052,-0.17075789,0.13518879,-0.10555897,0.60864276,-0.43545815,-0.045513093,0.0692775,-0.0647155,-0.15170045,-0.037437633,-0.08039089,0.16747212,0.23173541,-0.016385388,0.11969863,-0.15010354,-0.014261693,-0.16338381,0.2829625,0.0946798,0.09386444,0.058104463,-0.7471849,0.023250975,0.42647594,-0.13166529,-0.41937068,-0.39514434,0.107011676,0.38017932,-0.024311313,0.01792106,0.008347817,-0.002762556,0.0011605918,-0.23112282,0.06565924,-0.6187445,0.031171976,0.07435021,-0.16063389,-0.11082267,0.2323291,0.011209182,-0.32594925,0.26988962,0.018697765,0.1146303,0.065752745,-0.13276194,0.0953911,0.11016773,-0.19464725,0.37400755,-0.3674755,-0.25717643,0.21856645,-0.1456621,0.089705,0.35534266,0.09905381,-0.07781353,-0.14297569,-0.037715703,-0.037210338,-0.08523925,-0.04715635,0.15721451,-0.07104665,-0.00840538,0.34228355,-0.53417873,0.12736045,-0.04932365,-0.006184767,-0.00066502154,0.10078892,-0.12227561,-0.3932985,1.5778264,0.044060282,-0.3587551,-0.236969,-0.5954249,-1.3879038,-0.24921897,-0.10688845,-0.3756548,-0.74828815,-0.15758374,-0.22722997,0.0035019591,-0.29170665,0.27085403,-0.3559113,-0.079616494,0.06454732,-0.47171873,0.083912656,0.03533569,-0.43274617,-0.1049455,0.91177964,-0.024023391,-0.061813615,-0.293814,-0.016930643,-0.00016668439,0.10980611,-0.094744265,0.021382608,0.17242278,-0.44561002,-0.011499029,0.069511585,-0.062103085,-0.11258844,0.1802423,0.11292809,0.20659232,0.05887357,0.068726495,0.04704693,-0.1056688,-0.059141524,-0.044899084,0.20063815,-0.09438631,-0.07348186,0.17151026,-0.042087164,-0.3453936,0.010999566,0.020684332,-0.06130685,-0.08044389,0.048878584,-0.10254073,0.019907571,0.039737515,-0.0007425911,0.14849281,0.038469426,0.15439367,-0.35510543,0.020008937,0.0131744705,-0.08718817,0.03231647,0.09286906,0.00212524,0.2923572,0.04709507,0.17240435,-0.3499896,-0.23998924,-2.7369254,8.291218e-05,0.41528502,-0.5156889,-0.014274374,0.27357197,-0.05580856,0.10498564,-0.0023146719,0.07977103,0.14318016,0.21276195,-0.117563486,0.1253599,0.12947646,-0.20473588,-0.02067741,0.16864938,-0.21841164,-0.23869805,0.32330173,-0.078515455,-0.42196295,0.017953508,0.10092749,0.6328448,0.1180682,0.76799726,-0.09092355,0.0022784644,0.1201693,0.03532603,-0.32522365,-0.093384385,-0.13470836,-0.011101589,0.13738117,0.13583897,-0.20990276,0.21361515,-0.050190926,0.13076,-0.26254606,0.24474207,-0.04370898,0.105302654,-0.29383034,0.120960325,0.022981284,-0.053829864,-0.1511035,-0.12175102,-0.037791632,-0.052923523,0.1069139,1.402469,-0.0246118,-0.17000833,0.022433784,-0.07041694,-0.13644916,0.22027759,-0.3521558,0.84475744,-0.051844466,0.06670604,-0.22689828,0.32492527,-0.02981916,0.09503807,-0.04724264,0.11804712,0.014381275,-0.21311751,0.15911004,0.4994824,-0.091111794,-0.039599303,-0.08289639,-0.92472714,-0.040298782,-0.12085,-0.13665098,0.038006768,0.39597446,0.006116051,-0.05294455,-0.11460729,1.2136385,-0.28942946,1.4280994,-0.103147954,-0.004731845,-0.48846933,-0.013816938,-0.009763051,-0.17735003,-0.00042300616,-0.3783669,-0.011238694,-0.014426186,-0.20772636,0.14458817,0.17632037,0.030750722,-0.22584574,-0.07581239,-0.131669,-0.052245464,0.3421704,1.3146482,-0.031882007,0.5507232,-0.11552182,0.024022385,-0.11733528,0.20602486,-0.045268312,-0.07259701,0.24181992,0.123804525,0.14333795,0.22846761,-0.18207392,-1.5157602,4.9344642e-05,0.107189685,-0.36085102,-0.33242437,0.29294336,0.3290201,0.34943375,-0.026482718,0.1817455,0.115663186,-0.10691938,-0.03066722,0.17603147,0.12609157,-0.14788426,0.114275865,0.07278665,0.35243312,0.037156716,0.07401827,0.30886328,0.09730984,-0.03493506,-0.07574719,0.30024165,0.10794651,0.033770263,0.49089515,0.00871788,0.0025860001,0.024956476,0.11786529,-0.07954922,0.58409023,0.06788663,0.032347407,0.10611349,-0.17278379,-0.021395534,-0.079466216,0.15285517,0.09410746,0.10578938,0.058804255,0.1012081,-0.023082979,-0.53666306,0.34183234,0.18173748,0.047289412,0.0672828,0.11948073,-0.04397066,-0.015522506,0.053607173,-0.18734641,0.0268239,0.13425542,-0.13685499,0.1286668,0.25148013,0.32130122,0.49903932,0.2897752,-0.36341882,-0.20089988,0.05659813,-0.23563421,0.20513254,-0.24626262,0.042904492,-0.03112597,-0.06334999,-0.5220459,0.14394847,0.002031982,-0.58630025,0.8109034,0.38231203,0.037277564,0.91152287,-0.23919852,-0.90730995,0.2321195,0.26131886,0.607687,0.18372613,0.23147961,0.24826747,0.11419551,0.11611417,-0.021568887,-0.015916549,0.089124575,0.15370136,0.09790705,0.15007377,-0.026095714,0.1742091,-0.076226935,-0.01161032,0.15229225,0.073574305,-0.046454832,0.11867362,0.08540195,0.006213865,0.32970566,0.80965734,-0.1505074,0.35554853,0.040734522,-0.052715026,-2.7726698,-0.021735884,1.1386049,-0.09650039,-0.058597118,-0.07255418,-0.110673554,0.18407801,0.20685408,0.2514388,0.08928451,-0.07287244,-0.20654348,-0.009980835,-0.00079138577,0.15267241,0.021349803,-0.17165582,-0.17589332,-0.027510857,0.2885748,-0.30313003,-0.17392772,0.21432757,-0.011223815,-0.060399428,0.054369934,-0.050420552,0.024571478,-0.364477,-0.4221007,0.17095092,0.069419235,-0.06509634,-0.08554643,-0.08720459,0.23300296,0.0069914125,-0.033946484,-0.13151704,0.25509906,0.033483475,0.05386789,0.034304,-0.13270897,0.32605734,-0.03669882,0.48429546,-0.032287225,-0.080374174,0.038486514,0.41703224,-0.062470697,-7.922869,0.031946458,-0.07766536,-0.37635905,0.067502335,-0.16154619,-0.17385611,-0.06965163,-0.77275157,-0.017999455,0.051864754,-0.18542263,-0.13556743,0.19115123,0.034496,-0.016709387,0.028405294,0.21882538,-0.12584977,0.0027838051,0.11640626,0.36034888,0.0702785,0.301119,0.050915092,0.24378325,0.012986749,0.031367768,-0.19493328,0.17902783,-0.13242352,-0.38722563,0.1529147,0.05967214,0.34849045,0.18317345,0.07229617,0.108337924,0.023492947,-0.26345098,0.11729866,-0.010606632,-0.12860554,0.15385261,-0.02876199,-0.06516266,0.15000303,0.16882369,-0.13661924,-0.15802284,0.08601188,-0.32427564,0.20182507,0.08428701,0.19273227,0.6252535,-0.052818008,0.30583254,-0.037265673,0.099224344,0.016075492,0.30195358,0.12881769,-0.031748276,-2.0004451,0.28319183,-0.057842337,0.0031389333,0.17921919,0.064666055,-0.015720973,0.15144977,-0.030656233,-0.2173524,0.061907426,-0.52534163,-0.6493721,-0.07974018,-0.29344785,0.0071954904,0.066967025,0.18036388,0.78481317,-0.030988008,0.05189605,-0.29763067,-0.12811759,0.06191713,0.056361824,0.080205336,-0.040422,-0.46310642,0.06254345,-0.19357392,-0.23354018,-0.105340704,0.10533252,0.042804588,-0.12871721,-0.11858915,0.13654783,-0.08001621,0.06538572,-0.10580012,-0.047011945,0.41203418,-0.26455897,-0.07854813,0.11329314,0.41646427,-0.03486946,0.003468275,-0.20986803,-0.08897507,-0.2582807,-0.35800093,0.20490116,-0.16616495,0.0003623683,0.11007618,-0.26663145,-0.00048004463,0.12505618,-0.26931873,0.5696182,-0.10678058,-0.33684602,-0.23062196,-0.03867869,-0.099567726,0.09869101,-0.000107087195,-0.14247186,0.096439004,-0.047166932,0.1934261,0.12160003,0.0050492305,-0.048361965,0.14056246,0.5497306,-0.1135325,0.1551091,-0.14208625,-0.022475997,0.1339527,0.08877399,-0.0036255866,1.2652638,0.11635314,-0.033932455,0.31696928,0.15643023,-0.05319693,-0.388416,0.00991527,2.2680132,0.22796437,0.010649085,1.3280865,-0.015088003,1
-0.004227046,0.03659986,0.25254604,0.27472985,0.62687004,0.14857891,0.5101766,0.0922072,-0.087561354,2.0097485,-0.0025306381,0.00860798,-0.44527602,0.18333927,-0.23041616,-0.08146654,-0.01312127,-0.09948069,-0.26782095,0.022056919,-0.33214247,-0.056989014,0.43473494,-0.10471824,0.22664139,-0.2633286,0.21540247,0.2141272,0.32129502,0.015943352,0.14770815,0.22896793,-0.004261884,-0.005886983,-0.36023447,0.032886554,0.050631095,-0.06832403,-0.11288615,-0.045154057,0.02664936,0.34889352,0.40055606,0.06531957,-0.07570587,-0.16368592,0.04303749,-0.062499642,0.12852989,-0.26279345,0.023842305,-0.45519835,-0.11129341,0.0009855236,0.5404145,-0.1312461,0.0012081563,0.19453548,-0.08682211,0.122228704,-0.45484096,-0.128391,-0.0025254935,0.37180716,0.30822223,0.046350557,0.12268428,-0.34097946,-0.11283043,-0.088176444,-0.1479741,0.03548113,-0.006363809,-0.092743605,-0.10142266,0.009550063,0.26648647,-0.29060456,-0.0333016,0.07969774,2.202068,-0.24554947,0.104734614,0.1858679,2.835247,0.11750042,-0.2542044,0.103411004,0.12017816,-0.21358393,-0.016447023,-0.10977171,-0.27139872,-0.04518097,-0.09584387,0.17068808,0.118503064,-0.121612914,-0.79715425,0.005053661,-0.042664215,-0.068664856,0.27075082,-0.103015184,0.258084,0.010457516,-0.10848282,-0.2201164,0.053750627,-0.14902496,-4.7694097,-0.05229333,0.07977148,-0.069893375,0.20975283,0.17378148,0.08408006,0.03689427,-0.014317542,-0.5082704,0.18058816,0.13188355,-0.005995419,0.036741197,-0.11349184,-0.042190377,0.027171664,-0.10762742,0.14802499,0.25928748,-0.07944781,-0.044153117,-0.09543498,-0.19179742,0.15887699,-0.27487502,0.060449727,0.134996,-0.11645472,0.025831725,-0.003342568,0.12276567,-0.069605924,0.05388741,0.19349602,-0.11384091,-0.025214497,0.07007074,-0.11361799,0.017116316,-0.40816486,0.08633408,0.0071702376,0.105453596,0.14830366,0.26802698,0.11015115,0.10958544,0.13496777,-0.057885926,-0.09611577,0.2609239,0.24374506,0.108006746,0.1184164,0.15657634,0.06802473,0.22393797,0.25204533,-0.18755513,-0.11520866,0.054761633,-0.12935367,0.08067496,-0.0956052,-0.06882152,-0.5100933,-0.25835016,-0.43901092,0.29946554,-0.10580146,-0.40459085,-0.11669648,0.8178744,-0.39497995,-0.007863045,0.012984769,0.21804923,-0.06444199,-0.092606425,0.020647487,0.12210166,0.0039010644,-0.03674515,0.045494,0.2016013,-0.09541475,0.08822671,0.037876256,0.2538483,0.03469837,-1.1180131,-0.07419701,-0.070031315,0.027345322,-0.3232688,-0.032134507,-0.094197184,0.06835727,-0.10161397,0.101890035,0.11287534,-0.070326135,-0.0941042,0.086836174,-0.03155496,0.31017783,-0.007495865,0.00092358736,-0.11718243,0.5000791,0.3719908,0.19544736,0.03294497,-0.05240871,-0.06310898,0.6432309,0.12551,0.1386736,0.19802235,-0.26969197,0.02103882,-0.4723461,0.0139823295,0.078648075,-0.017031536,0.11931082,0.08004329,-0.078305066,0.055470277,-0.04424184,-0.024790574,0.008516502,0.002386761,0.00036621466,0.046365906,-0.054713666,-0.27463174,-0.23181006,0.26984286,0.18819019,-0.1631585,-0.2523286,0.21852106,0.0129587725,-0.10055646,0.3318545,-0.6958418,-0.12016396,0.21578945,1.6085825,-0.39658377,0.01327917,-0.5446101,0.55122495,0.5919512,0.006157398,-0.17981905,-0.09699732,0.20431226,0.2717589,-0.11748068,0.045857795,-0.015482722,-0.13084544,0.63942283,0.11858816,0.13616884,-0.0863457,-0.08122182,-0.052151784,0.09789957,-0.30353868,-0.08494854,-0.3815974,0.15182841,-0.03871938,-0.28567758,0.23659049,0.22201067,0.028758993,0.109288685,0.072491415,-0.103129506,-0.07854028,0.012808189,-0.11371169,0.18913606,-0.014711671,0.030727673,0.14949161,-0.065979235,0.34684426,-0.3866512,-0.0061941296,0.14718524,-0.076107316,-0.0026622713,0.13827685,-0.24646688,0.25993684,0.6247898,0.020860633,0.15235841,0.042746883,-0.069053814,-0.3106318,-0.23075095,-0.07439433,0.31193715,0.01294806,0.16147763,-0.0815802,-0.042428248,0.36249226,0.4335777,-0.0783681,-0.040285163,0.2032626,0.09485834,-0.039002974,0.078155816,-0.21307617,0.25777686,0.39060497,-0.7132859,0.018171526,0.024091508,-0.19231264,-0.17590687,0.09918428,0.04841566,-0.07836254,-0.2806548,-0.053821508,-0.21763305,0.15194872,0.13894,-0.05205797,0.0092657795,-0.16642922,0.52052236,0.044184957,0.12884368,0.657265,0.0017799623,-0.09678836,-0.04313466,-0.11961333,0.18361282,0.040606406,-0.06496608,0.13965106,1.1749614,0.07792813,0.05403928,0.0375359,0.036982484,0.2892555,-0.24845314,1.0471269,0.050648727,-0.14683637,0.1043497,0.111717165,0.4106448,0.1458414,0.020259222,0.5731828,0.0027731874,0.010257183,0.12383922,-0.13375452,-0.24473684,0.042123586,-0.03731221,0.3742201,0.009244159,0.0015364155,-0.19277093,-0.16873318,0.050549604,-0.2443209,0.06719742,0.17556483,0.017420068,0.015922934,-0.35483828,-0.52340436,-0.25923225,-0.07672977,-0.050825898,-0.3454694,-0.23391078,0.29207128,-0.007174272,-0.11479291,-0.05757664,0.07666172,-0.02622044,-0.12499914,-0.04863003,-0.1985592,2.4756675,0.07457421,-0.18526374,-0.15856424,0.045916803,-0.032770626,0.60541666,-0.14636767,-0.046716213,0.04792569,0.12839358,-0.065566525,-0.04155682,-0.17529449,0.042831846,0.12103228,-0.13448352,0.20702925,0.09904181,-0.016201314,-0.14390585,0.25204515,0.048846968,0.3390785,0.06474866,-0.3483702,0.127684,0.2977413,-0.20552914,-0.18904051,-0.45829004,0.105180904,0.09633574,0.05425527,0.05022964,-0.015786074,0.42038846,0.07574893,-0.16142887,-0.0466182,-0.3458869,0.05825958,-0.18202248,-0.064874776,-0.09854124,0.2049973,0.011910038,-0.21211998,0.2364665,-0.09588212,0.37869108,0.04737134,-0.07834872,0.03215222,0.10216497,-0.4566692,0.30280828,-0.35479927,-0.34711438,0.2282165,-0.057361722,0.039262675,0.31113815,0.081481166,-0.007798381,-0.09308023,0.15652905,-0.19493012,-0.113626115,-0.082565844,0.15299582,-0.061717853,-0.23514076,0.21257152,-0.54716647,0.1398212,-0.0018037185,0.009448094,-0.00068633433,-0.047392692,-0.13453802,-0.2741467,1.8227849,-0.039627105,0.074163705,-0.30774367,-0.064518124,-1.5442792,-0.2533181,-0.0012415228,-0.21412382,-0.87877196,-0.22624923,-0.27227944,0.08750726,-0.07527814,0.21066155,-0.3123799,-0.01517409,0.11728628,-0.5981943,0.23529524,0.08033967,-0.4705387,-0.1254876,0.87680995,0.04423576,-0.09554341,-0.4282171,-0.017760016,0.19943616,-0.01898159,-0.07974829,0.16740644,0.12880178,-0.30264407,-0.013426635,0.067411266,-0.04957059,-0.1262326,0.12220342,0.13533889,0.11156781,0.079822466,0.044515416,0.10495591,-0.04038272,-0.050575465,0.0049048285,0.1645774,-0.14321509,0.007829547,0.14675784,-0.022499293,-0.3470372,-0.008015353,0.114313945,-0.052978553,-0.12235233,0.031828083,-0.15982275,-0.011060368,0.040141836,-0.0005260216,0.16700603,0.027645987,-0.010029793,-0.25593823,-0.034614168,-0.026318233,0.073635,-0.036050312,0.18410788,-0.05750653,0.2594626,0.071337156,0.14400043,-0.37361288,-0.30713645,-2.6716638,8.7237124e-05,0.24715471,-0.54868084,0.15645072,0.19477724,-0.105879605,0.08859096,0.17878306,0.110218,0.12521261,0.10398457,-0.15922207,0.30747887,0.10775241,-0.3262185,-0.0031026192,0.026377685,-0.13377109,-0.1707381,0.19440433,-0.01725008,-0.34525472,-0.08095902,-0.021299804,0.6337706,0.07073748,0.2530487,-0.10283886,0.0021902488,0.079063855,-0.06559146,-0.13355029,-0.16064167,-0.02096279,-0.11297473,-0.040185202,0.2714112,-0.2650034,0.108901545,-0.08726704,0.11234801,-0.07740929,0.23063362,-0.035839953,0.26371077,-0.41270602,0.24728668,0.08684584,-0.08225294,-0.061517622,-0.19906598,-0.068578154,-0.10512016,0.090297766,1.1880677,-0.032039493,-0.06324689,-0.020128762,-0.06601121,-0.13765356,0.30025393,-0.3658969,0.610348,-0.04399872,-0.023314446,-0.15697625,0.55741763,-0.052039772,0.06636299,0.03321156,0.070863605,-0.030425206,-0.17768763,0.15882282,0.45907637,-0.09691244,-0.043019,-0.03727711,-0.9247582,-0.35894433,-0.09059962,0.04983698,-0.04544706,0.24061312,0.020831345,-0.011476181,-0.043900665,1.1863652,-0.17710444,2.0604692,-0.2113678,-0.04833872,-0.5422217,0.13795252,0.009160697,-0.062009603,-0.0004215436,-0.4301641,-0.0682669,0.07690978,-0.17025647,0.16450846,0.17392772,-0.0035430668,-0.102696806,-0.016582757,-0.07626312,-0.110428706,0.45492944,1.7198614,-0.045268115,0.72608256,-0.1176901,-0.19907019,-0.1665882,0.21165594,-0.020324003,0.02099069,0.19739151,-0.07493415,-0.012718029,0.21524546,-0.051029563,-1.4141992,4.5064102e-05,0.14018029,-0.5812158,-0.1981417,0.17405899,0.25327942,0.2522421,0.019212937,0.22160307,0.11504917,-0.16558746,0.18135202,0.17378294,0.14874044,-0.014265653,0.025209919,0.01054658,0.46313813,-0.010760035,0.05640002,0.4689258,0.120597385,-0.1951729,-0.082705215,0.105050474,0.23152526,0.008239593,0.36587852,-0.07903719,-0.015147915,-0.01314339,0.12774694,-0.031945795,0.48046285,0.06357418,0.0072801597,0.051329836,-0.12104054,-0.0012674052,-0.10231794,0.15336429,0.14103843,0.03406679,0.001319211,0.14895043,0.16196324,-0.4499005,0.34202126,0.24690704,0.05940576,0.029058484,0.05084924,-0.114168495,0.06375419,0.08916379,-0.034620196,-0.032939903,0.04386238,-0.23706539,0.14094761,0.16164333,0.31384563,0.096642114,0.36166126,-0.07124658,-0.08686802,0.011784438,-0.1696029,0.17170477,-0.1547453,-0.18185063,-0.090026945,-0.10193238,-0.879228,-0.043444704,0.009934425,-0.45177618,0.6193871,0.34780777,-0.091043726,1.0752547,-0.22210503,-0.7074001,0.12612896,0.29724282,0.603366,0.37659037,0.2375287,0.21544479,0.12602241,0.07580485,-0.05090514,0.1424451,0.17751613,0.24654712,0.07667971,0.042048678,0.018266974,0.3182853,-0.088855796,-0.057988226,0.28101352,0.21526408,-0.043863915,0.16352096,0.06219087,0.023881871,0.5897927,0.8248157,-0.14944819,0.14498062,0.04104883,-0.014032972,-2.6628885,-0.089440525,0.6415677,-0.043020554,-0.025792625,-0.13562514,-0.09341041,0.30461967,0.2722467,0.15962574,0.06057421,-0.057248496,-0.083240114,-0.048922487,-0.0017374605,0.3356056,0.12216294,-0.14620961,-0.17253149,-0.09785206,0.23434633,-0.22020522,-0.31909266,0.11715683,0.029434286,-0.006093137,0.0861903,-0.13608778,0.019013941,-0.19401722,-0.4065982,0.1622853,0.019023953,-0.12137053,-0.047961228,-0.07153525,0.23926686,0.11733365,-0.03565371,-0.16902786,0.14883628,0.07140958,0.018246489,0.018026892,-0.118628,0.45574915,-0.03519036,0.33131015,-0.020274445,-0.124786645,0.059349746,0.46933544,-0.16230291,-7.904083,-0.053991653,-0.08668595,-0.32008654,0.12945783,-0.25982943,-0.08697085,-0.08602277,-1.3402376,-0.02045799,-0.0040620174,-0.20368612,-0.07946476,0.2716629,-0.022403635,0.034337915,0.022787213,0.18839556,-0.15912317,-0.18129484,0.21000747,0.19293511,0.089389265,0.25177124,0.3441954,0.32005858,-0.018535346,0.0034694318,-0.21946259,0.09779802,-0.13290946,-0.5157491,0.13453843,0.04819718,0.3784852,0.18547314,0.051728256,0.06897213,0.062241465,-0.27380788,-0.07870655,0.006396357,-0.12050519,0.270012,-0.06648719,-0.14835745,0.08409563,0.09058073,-0.12248315,-0.048118,0.030842073,-0.4017197,0.21669596,0.037398778,-0.15630984,0.6377381,0.10260794,0.24467802,-0.08247739,0.23980398,-0.024952285,0.24265271,0.17668556,-0.03941186,-2.009341,0.36675578,0.0073281527,-0.06805881,0.1068393,0.0726829,-0.07317741,0.06488116,-0.09762506,-0.24848005,-0.0044723004,-1.1183978,-0.51410025,-0.028329626,-0.13191536,-0.017181829,-0.19851387,0.008530739,0.90160525,-0.16665362,0.04200727,-0.11225304,-0.03593114,0.012299262,-0.066528365,0.05013019,0.023698859,-0.41151172,0.18432555,-0.13837062,-0.1753346,-0.16519278,0.10392227,0.09430694,-0.16137367,0.03593795,0.20399627,-0.08590293,0.0478742,-0.14550349,-0.04140402,0.5659307,-0.16997847,-0.32442725,0.096186236,0.40309867,-0.043989737,-0.052312568,-0.1872325,-0.20652065,-0.1563404,-0.3477695,0.11731426,-0.129178,-0.023617398,0.11108228,-0.03964276,0.022991285,0.020282224,0.07192729,0.25946993,-0.10362613,-0.2602762,-0.27481532,-0.02073495,-0.11237498,0.050034318,-0.020765454,-0.13093825,0.035919152,0.33949897,0.06349038,0.16673478,0.07169441,-0.06122392,0.16494107,0.67053425,-0.07692751,-0.03352678,-0.05346266,-0.048156817,0.30514848,0.048408963,0.04379435,1.3695221,0.037401527,0.028991356,0.018193275,0.14965901,-0.09980548,-0.2379332,0.056602083,2.0867186,0.20580369,-0.114907086,1.367885,-0.038408816,0
-0.0069795065,0.051385794,0.23774841,0.18873368,0.56991065,0.23686422,1.0305439,0.1553515,-0.08512336,1.9173574,-0.009210952,0.00834316,-0.43305412,0.07398825,-0.41796258,-0.06573371,0.036444202,-0.10802212,-0.1999529,0.0046311505,-0.4661376,-0.042037938,0.3955497,-0.11937042,0.19108282,-0.41572136,0.2764757,0.23669265,0.2959596,0.03294321,0.08447807,0.19272317,-0.016592339,0.03754642,-0.39024684,-0.053758822,0.05394841,-0.1338927,-0.01525623,-0.15263377,0.14289129,0.30791366,0.3675357,0.08033362,-0.0670185,-0.14118505,0.037926435,-0.10532903,0.21903038,-0.33350363,-0.082584366,-0.4471368,-0.06288618,0.017481904,0.4509989,-0.13544267,0.01591039,0.25068802,-0.06428396,0.16177863,-0.50286156,-0.1239881,-0.082307614,0.24447584,0.2664467,0.056431837,0.08372882,-0.31786686,0.0062637106,-0.08170955,-0.07519056,0.013261251,-0.021792144,-0.11966099,-0.011908665,0.039506327,0.21807875,-0.21913058,-0.013185882,0.037070617,1.9261885,-0.29943338,0.09851043,0.19916117,2.4722743,0.14116381,-0.2589321,0.084336795,0.09548681,0.09845311,0.023019157,0.029534966,-0.17103851,-0.05127332,-0.052914448,0.13237625,0.1461727,-0.080344826,-0.695203,-0.025211114,-0.03424395,-0.022692112,0.31292483,0.029358147,0.2299404,-0.0035070777,-0.068885654,-0.16817111,0.07633005,-0.13856703,-4.480494,0.053287163,0.06644285,-0.02097024,0.17246953,0.13351582,0.040144935,2.9996037e-05,0.0047383085,-0.5772158,0.18006964,0.13038561,0.007248964,0.021825178,-0.14876881,-0.11996854,0.028869376,-0.08498877,0.10360942,0.25304434,-0.15386114,0.01839368,-0.06594166,-0.08792581,0.13430437,-0.20084111,0.06685224,0.17212734,-0.046452284,0.025847666,0.0067580068,0.15246964,-0.020928016,0.07462234,0.21058878,-0.039757624,-0.057512194,0.1600646,-0.053892743,0.03400983,-0.27560782,0.022805255,0.013706446,0.006271057,0.064184785,0.23309141,0.12862527,0.07322492,0.17453174,0.029970955,0.0032055369,0.25167513,0.12760967,0.13302217,0.09877525,0.16660693,0.047458194,0.099355385,0.23359261,-0.11454087,-0.065356925,0.031564355,-0.086885706,0.058956593,0.083809674,-0.18156666,-0.52615726,-0.2607771,-0.4008648,0.22658873,-0.16029693,-0.42219466,-0.10190668,0.586982,-0.46153188,0.19943416,0.02751334,0.3042202,-0.064780176,-0.112132065,-0.018777512,0.062821455,-0.0019979626,-0.10175795,0.05069242,0.13109544,-0.059007473,0.08180781,-0.033038817,0.26382515,0.04014085,-1.203353,-0.048951305,-0.061766,0.05031087,-0.33625638,0.09580068,-0.016641155,0.062236413,-0.17742604,0.059826408,0.084636055,-0.067969576,-0.07078355,0.114663064,-0.04622075,0.23032638,-0.033841617,0.0009444135,-0.07626979,0.3596194,0.38022375,0.40235588,-0.0358469,-0.12252736,-0.036223747,0.5531297,0.13965642,0.22855738,0.1635491,-0.28479683,0.048031643,-0.20449589,-0.0057902336,0.088483915,-0.08288691,0.15516514,0.1491701,-0.41263455,0.0299616,-0.097265184,-0.028568054,-0.0020125546,0.0023391847,-0.0010005422,0.057438314,-0.1787488,-0.24118084,-0.12949398,0.06615336,0.11125253,-0.14495221,-0.11528127,0.16985045,0.12771606,-0.036423415,0.34202495,-0.87154603,-0.14834434,0.2059122,1.5142055,-0.30027694,0.055216506,-0.9080589,0.39836848,0.52611905,-0.15371785,-0.025629826,-0.0005872026,0.16901246,0.245181,0.0023333319,0.13707186,0.024928764,-0.2239449,0.34211844,0.15651476,0.05392689,-0.07852608,-0.0691879,0.048010647,0.1216757,-0.20560952,-0.15970191,-0.27185985,0.1649696,-0.04694268,-0.136519,0.2385818,0.20369443,0.030375581,0.14194252,0.09804115,-0.064510256,-0.023094498,0.03829241,-0.10979249,0.1957167,-0.060647927,-0.0034297295,0.08490071,-0.040692203,0.1900366,-0.4676363,0.06324138,0.09632811,-0.13788693,0.02493063,0.14361276,-0.14682214,0.09668127,0.64681673,-0.057603396,0.022021476,-0.014744788,-0.08074603,-0.14355902,-0.3160601,-0.009558182,0.15178257,0.07749536,0.20514011,-0.07774118,-0.0027476698,0.42849806,0.32194686,-0.10604274,-0.025234729,0.33669406,0.057496246,0.039344657,0.0028939694,-0.12420953,0.1167117,0.23582168,-1.0378169,-0.006332252,-0.06046611,-0.06343666,0.0013607293,0.1098495,0.046103932,-0.0068068206,-0.19335185,-0.07916585,-0.16529772,0.15342778,0.12891996,-0.1304465,0.068613224,-0.14844272,0.5755401,0.040768467,0.011569556,0.5588919,0.017144896,-0.11517715,-0.06055084,-0.068458125,0.025159623,0.051197946,-0.042059146,0.14835092,0.9152551,0.005848866,0.05464504,0.08646955,0.0060606916,0.22516192,-0.42400694,1.0701075,0.062259316,-5.7704747e-05,0.13152182,0.09035143,0.49687213,-0.043779057,0.0355333,0.50707346,0.0026872938,-0.07441841,0.086565495,-0.14811379,-0.22221182,0.11189452,0.061729398,0.5180673,0.10734801,0.0016293756,-0.14812288,-0.080421075,0.15621151,-0.15218426,0.09623967,0.17081864,0.013603926,-0.0019917376,-0.3547923,-0.44629347,-0.22428711,-0.11390061,-0.06071511,-0.29476252,-0.095486686,0.27541953,-0.0050745457,-0.26058808,-0.027193317,0.013960905,0.057137795,-0.12771526,-0.0870374,-0.13910757,2.3802524,0.054603234,-0.16599588,-0.13328823,0.090964235,0.04872348,0.5429815,-0.1793298,-0.09193471,-0.01932852,0.17208499,-0.011635631,-0.18044053,-0.1460671,-0.009468034,0.16000503,-0.2427637,0.20435944,0.06810677,-0.012177154,-0.15912528,0.2563303,0.029511694,0.1912688,0.0722235,-0.21523136,0.008499175,0.28057078,-0.17259452,-0.1581927,-0.4293301,0.086640425,0.21695842,0.11898528,-0.020163149,0.0065321177,0.19991112,0.13648735,-0.39715183,-0.030406207,-0.38894206,0.039842162,-0.005527407,-0.12513189,-0.03687773,0.24477914,-0.035125628,-0.1736258,0.12902348,-0.071801916,0.33786985,0.04712051,-0.036786795,0.0029067397,0.16885021,-0.69121724,0.43667427,-0.34751812,-0.33479363,0.15006945,0.062483057,-0.0013582613,0.22998172,0.1290365,-0.009258665,-0.1175757,0.043306638,-0.13325223,-0.1286877,-0.09479805,0.0994191,-0.05174712,-0.1798981,0.39961714,-0.5785524,0.14963219,-0.050886318,0.010643933,-0.00071904605,-0.090092115,0.020253796,-0.24550867,1.791142,0.044945613,-0.1604697,-0.28656694,-0.20775887,-1.3470783,-0.18430167,-0.009200817,-0.093810685,-0.7175509,-0.27246943,-0.22778644,-0.033348136,-0.109018706,0.2155033,-0.1465525,-0.10250584,0.12167854,-0.5969814,0.19612063,0.065986514,-0.6265868,-0.07273821,0.9457673,0.077762,-0.06449871,-0.4915879,-0.036202073,-0.027150333,-0.028969944,-0.04888544,0.29413712,0.131554,-0.25997466,-0.017104898,0.117674135,0.0011343155,0.039254382,0.050864466,0.18553135,0.20279509,0.08864799,-0.035688248,0.15781046,-0.097330414,-0.08059931,0.034322165,0.03955005,0.04652404,-0.11435798,0.10871366,0.005490414,-0.2927289,0.004248243,0.2111817,-0.10307271,-0.12439212,-0.027184222,-0.17714566,-0.0044841245,0.011924278,-0.00063123356,0.14908344,0.017697029,-0.0303061,-0.27592087,-0.019067649,0.008062977,0.0919818,0.014092691,0.18149479,-0.0008163592,0.29551274,0.06335695,0.2574197,-0.40594685,-0.42992416,-2.8036056,8.521277e-05,0.22848076,-0.59858495,0.17479582,0.12769392,-0.11956989,0.043842345,0.14980885,0.0647081,0.16280971,0.13301957,-0.11454308,0.15627411,0.07782173,-0.18578094,0.051332057,0.0918978,-0.1284334,-0.10458537,0.14036232,-0.013029322,-0.3037057,-0.08467199,-0.021227567,0.50948644,0.07123417,0.100565016,-0.057779297,0.0021190024,0.15150425,0.17042464,-0.29938504,-0.12216247,0.045872297,-0.12425934,-0.09874308,0.24666922,-0.2495377,0.093941204,-0.078041434,0.104156956,-0.20905259,0.25829163,-0.05098361,0.16903207,-0.3807382,0.09064208,0.07692413,-0.06615341,-0.06394917,-0.20386949,-0.138767,-0.16165206,0.04034195,0.87296337,-0.05666825,-0.035596885,0.006240893,-0.010273147,-0.09620264,0.35957837,-0.50558776,0.4680175,-0.0037802346,0.018362377,-0.12990329,0.4715802,0.10662316,0.0368753,0.03455003,0.059430484,-0.051089432,-0.13137609,0.18416755,0.7815838,-0.08360718,-0.1123886,-0.024890859,-0.86629075,-0.37796777,-0.061453566,0.023638979,0.0075220093,-0.085481256,0.054811455,0.08218691,-0.052522603,1.3264968,-0.1836464,1.9150631,-0.22679286,0.034832887,-0.750193,0.123890154,-0.030726047,0.010026678,-0.00045993342,-0.36042,-0.089138165,0.061130423,-0.11474081,0.16116212,0.15343645,0.066404365,-0.07366414,-0.045524508,-0.021355301,-0.11056792,0.41633847,1.8476869,-0.09924613,0.6701067,-0.09038396,-0.35824174,-0.13107567,0.17906713,-0.03411729,0.011111448,0.060401574,-0.07700104,-0.07163187,0.22402811,-0.05559098,-2.2823148,5.1388997e-05,0.10255232,-0.62671596,-0.31283855,0.4831704,0.1896422,0.2525769,0.12446038,0.23401509,0.06586733,-0.14245187,0.13708119,0.26839703,0.11742598,0.069763914,-0.0014115945,-0.033517785,0.43623528,-0.041378964,0.03493552,0.34050786,0.05273015,-0.14043108,-0.06855156,0.030773163,0.18372926,0.03468527,0.5191119,-0.09291226,-0.028793171,-0.0390334,0.09662178,-0.042209297,0.45188886,-0.03262628,0.00047539407,0.02401229,0.3024998,-0.018837791,-0.17457922,0.1412205,0.14225242,0.03347539,0.010591567,0.13151969,0.13888696,-0.3894626,0.35341957,0.21127188,0.07962823,0.049387522,0.008241445,-0.06640014,0.092059866,0.061251648,-0.057419613,0.015153505,0.12256688,-0.27940798,0.15295717,0.06916188,0.32070133,-0.0537256,0.19880247,-0.17406814,-0.1446121,0.07300746,-0.15013412,0.13820481,-0.10965673,-0.178766,-0.06906888,-0.06296477,-0.90150154,-0.05365206,0.037909716,-0.5004077,0.50468683,0.14418332,0.04234904,1.0858923,-0.15444295,-0.75227904,0.3036865,0.35533002,0.18050916,0.2594554,0.47213188,0.2077625,0.1117612,0.08578038,-0.03536823,0.041821018,0.21625252,0.23807943,0.11822637,0.099252425,0.08553946,0.31369358,0.02077176,-0.09436477,0.21645303,0.10089658,-0.041475654,0.15396225,0.1053465,0.042341817,0.67506796,0.63535196,-0.11525738,-0.08741416,0.0462558,0.005401738,-2.2529685,-0.20102206,0.9408127,-0.17231378,-0.059970193,-0.07661146,-0.19460821,0.2158688,0.2228609,0.16827889,0.053586304,-0.06056915,-0.015517964,0.044366397,-0.015504219,0.31521434,0.10482429,-0.19431473,-0.18738303,-0.09379232,0.26122823,-0.16060787,-0.2453273,-0.0316219,-0.0945284,-0.016538858,0.039386358,-0.11927273,-0.010315813,-0.33471024,-0.37317657,0.15244995,0.05687952,-0.12579617,-0.027383618,-0.046460122,0.247296,0.118626,-0.050257318,-0.156752,0.22062966,0.084486075,-0.0030273404,-0.103719875,-0.11736193,0.38461876,-0.07359341,0.29257733,0.027123429,-0.093343884,0.111511976,0.5033088,-0.17899615,-7.92204,-0.016063668,-0.15260097,-0.36407167,0.089154616,-0.27585623,-0.1105483,-0.09499243,-1.5358794,-0.016066559,0.00011474267,-0.17481524,-0.016136706,0.25501585,0.13894491,0.17802471,0.040572718,0.18997666,-0.10228534,-0.22480592,0.34644026,0.12726802,0.10605915,0.34556884,0.6792476,0.2291063,-0.015218578,-0.034307387,-0.1690191,0.15377721,-0.13873747,-0.41046715,0.18882672,0.052899204,0.38829648,0.13969332,-0.02075985,0.075474784,-0.012306121,-0.23181108,-0.005028866,0.055187497,0.039621197,0.3140262,-0.11290102,-0.13066533,0.09216052,0.13358966,-0.136101,-0.088103205,0.039357245,-0.3644435,0.15967178,0.053089567,-0.16230825,0.6796099,-0.00938537,0.17375146,-0.103670724,0.22982635,-0.024640646,0.41514152,0.14762056,-0.042351108,-2.012501,0.32622445,0.03473621,-0.07008756,0.075096995,0.052081086,-0.10413616,-0.022731658,-0.10754733,-0.12540942,-0.027817154,-0.91086185,-0.625919,-0.020457223,-0.050137457,-0.030054431,-0.14253326,0.039124627,0.8622204,-0.03617981,0.03916932,0.042644262,-0.00015930459,-0.017207064,-0.05244994,0.029610172,0.025420068,-0.4284271,0.12269401,-0.1597905,-0.09765696,-0.11446494,0.13287523,0.117774,-0.05896163,0.1719963,0.31905583,-0.09512843,-0.004493068,-0.13699687,-0.03150994,0.5396289,-0.19692454,-0.24897912,0.23862477,0.46111515,-0.046625633,-0.078971386,-0.14152616,-0.30729708,-0.19118354,-0.36942813,0.00428427,-0.14661436,-0.046876457,0.10270931,-0.056356505,0.034506492,0.03956101,-0.027032103,0.31578904,-0.11944182,-0.3623551,-0.20495969,0.044890016,-0.11686539,0.049664415,0.039247375,-0.14466295,0.022476584,0.19353604,0.055647887,0.178377,-0.003541354,-0.04262444,0.16762322,0.53639966,-0.024076864,-0.078514494,-0.09456806,-0.04931952,0.44278586,0.06890082,0.0075856596,1.5061705,0.014509584,-0.036644403,0.25485548,0.1999917,-0.1147189,-0.3177147,0.0017139427,2.1929939,0.24121979,-0.12849516,1.3502526,-0.048686527,0
-0.011637457,0.03493368,0.19998786,0.33907932,0.20296347,0.41207635,0.5629407,0.068806924,-0.15536857,2.3491602,-0.078798786,-0.06274797,-0.4669997,0.1172712,-0.11408489,-0.09646925,-0.010994107,-0.07227732,0.010775961,0.019436363,-0.0027911998,-0.09582389,0.29930946,-0.24065216,0.22956018,-0.10599531,0.31239656,0.19182815,0.33292338,-0.0038282908,0.097638175,0.1709512,0.09346031,0.05267951,-0.3309935,0.02987178,0.06895499,-0.07676461,0.004525844,-0.015858985,0.017224535,0.39994636,0.33992562,0.17073289,-0.12345819,-0.2399281,0.07935096,-0.05458556,0.1573658,-0.2231695,-0.018419564,-0.42045385,-0.1621937,-0.006617259,0.71259445,-0.16037403,0.038847614,0.30307043,-0.10418896,0.116921045,-0.4414479,-0.12954688,-0.031378474,0.26746374,0.4242573,0.100756824,0.13173501,-0.3594737,0.006209938,-0.07198407,-0.10275608,0.043969296,-0.06337419,-0.11860522,-0.00058401003,0.040617846,0.19817409,-0.395997,0.05226764,0.047596827,2.1208575,-0.289333,0.11314275,0.24826002,2.412528,0.15020376,-0.23627514,0.08019896,0.12793499,-0.38288012,0.022216097,-0.12552418,-0.19510956,-0.038577054,-0.007304063,0.14742759,0.12687542,-0.1649995,-0.83475655,0.0062757204,-0.111779094,-0.012214376,0.22408885,-0.13083643,0.33505288,0.16190815,-0.06578632,-0.37787724,0.06842132,-0.13641945,-5.1946917,-0.11155976,0.0722746,-0.022896297,0.26163268,0.22153643,0.13414128,-0.026909169,-0.009260938,-0.65602696,0.08567365,0.13445345,0.005329892,0.034120284,-0.09801121,-0.005289886,0.09987805,-0.047488526,0.1692065,0.24125713,-0.064452335,-0.0600207,-0.07092069,-0.4460551,0.19242425,-0.2727064,0.076252654,0.11500734,-0.15883496,0.02417463,0.023332974,0.067936845,-0.08158443,0.23594284,0.3833606,-0.0691158,-0.072962314,0.024158172,-0.106662706,-0.052078582,-0.3837776,0.06338709,0.018759023,0.0060369372,0.29526097,0.17413174,0.07941558,0.032827284,0.22959632,0.11208883,-0.07773528,0.2624654,0.27458772,0.110120974,0.086735085,0.10763051,0.071319945,0.28885838,0.30747113,-0.12019855,-0.11531816,0.033192307,-0.09420496,0.0739424,0.0106597245,-0.17304364,-0.47477955,-0.16366047,-0.35163558,0.30149975,-0.32580617,-0.26951316,-0.112013936,1.0432858,-0.40774956,0.29398337,-0.005777886,0.17453113,-0.07399604,-0.052686617,-0.00030247867,-0.11277392,0.01167741,-0.03211589,0.11027336,0.25723734,-0.14246538,0.09884433,-0.0054695234,0.24291083,0.022442631,-1.2333759,-0.10819978,-0.13596275,0.06588421,-0.28074527,-0.06804298,-0.042630374,0.077856705,-0.26478368,0.15026055,0.11945694,-0.12300428,-0.041676126,0.14844215,0.004317494,0.30222002,-0.05178986,0.00091591175,-0.104154564,0.39843166,0.41332555,0.17718656,0.010212861,-0.16427213,-0.089809805,0.30125505,0.12432695,-0.09439529,0.15836714,-0.40555295,0.052019674,-0.55603224,0.09426668,0.0029797796,-0.049838364,0.18755287,0.05349798,-0.22305676,0.12359463,-0.26315615,-0.024438566,0.020188909,0.0026629493,0.012106942,0.002753429,-0.08424965,-0.27457604,-0.20519339,0.2799303,0.17404433,-0.16746368,-0.42493802,0.15682751,0.11119655,-0.13692206,0.28204203,-1.0816303,-0.023058746,0.27044278,1.9710381,-0.46215594,0.030577421,-0.19349533,0.6707227,0.86630213,-0.29407883,-0.25060883,-0.0063927434,0.28419417,0.15257236,-0.05966086,0.0978888,-0.07175864,-0.08694618,0.693706,0.13912262,-0.0129086,-0.0776205,-0.054662235,0.028298415,0.09170401,-0.22374634,-0.025868699,-0.34909868,0.16736402,0.09504915,-0.30361247,0.1354728,0.33025077,0.025873529,0.08321503,0.037906174,-0.02657266,0.017599236,0.051647756,-0.11396324,0.122364774,-0.16435295,0.09487267,0.12027625,-0.11135467,0.19596711,-0.35194468,0.048142478,0.09842398,-0.14648873,-0.05025296,0.1355733,-0.24152242,0.18005362,0.7360751,0.08827832,0.056620754,0.040131513,-0.23941936,-0.31568116,-0.19785258,-0.02154281,0.48762357,0.059329964,0.13255842,-0.08745211,-0.100654215,0.3478825,0.39243597,0.0035199597,-0.056730576,0.0432968,-0.0544779,-0.030327544,0.052286804,-0.11518641,0.2520884,0.548831,-0.5529847,0.048279304,0.022894388,-0.4520771,-0.121847734,0.06951526,0.013799064,-0.060750164,-0.4045989,-0.07374978,-0.097984076,0.17251423,0.0015230626,-0.10808074,-0.104075715,-0.1658051,0.4454375,0.037279945,0.20229378,0.6931417,0.037257425,-0.05292455,-0.024705902,-0.094078675,0.18067893,0.039482273,-0.05343655,0.13953191,1.4638442,0.06569977,0.022731707,0.0044747703,0.04900656,0.24663481,-0.47080332,1.2449658,0.06300491,-0.28871667,0.15519726,0.11460955,0.4217086,0.12627433,0.032212377,0.40356022,0.0026040555,-0.02161053,0.07890025,-0.1497118,-0.2519793,-0.01808501,-0.052695524,0.4188649,0.0881208,0.0015243486,-0.23912661,-0.24703395,0.15817735,-0.23780662,-0.11979045,0.14128123,0.031148233,-0.0021926798,-0.30005944,-0.31831154,-0.19319548,0.024912478,-0.08651288,-0.45499736,-0.24480887,0.35875013,0.0042688735,-0.14467883,-0.075461164,0.12864973,0.0075695366,-0.2001141,-0.1409631,-0.0642173,2.4908903,0.073754445,-0.22058704,-0.16633964,0.076334104,0.026096903,0.89330757,-0.054813296,-0.043353964,0.06298059,0.044692203,-0.14399022,-0.10229094,-0.21765678,0.09145406,0.1306003,-0.15990436,0.16192919,0.08591628,0.017293356,-0.13019522,0.24470091,0.042726193,0.21570164,0.074507356,-0.264198,-0.009551331,0.38657874,-0.13070063,-0.3035506,-0.38398606,0.12347501,0.18681961,0.10706375,0.028264463,-0.052810036,0.34650207,0.08556346,-0.12824003,-0.0035901442,-0.54416275,0.08733503,-0.01811862,-0.19791362,-0.1267974,0.21237493,0.025798779,-0.25203577,0.26908118,-0.0058255307,0.37041733,0.04585007,-0.12407573,0.02052588,0.19515584,-0.22825801,0.3721118,-0.39160153,-0.34650487,0.22676025,-0.10902855,0.12040849,0.3900628,0.23820858,-0.09596721,-0.092875324,0.09624857,-0.21188161,-0.11597914,-0.035976112,0.095093556,-0.042504065,-0.29958516,0.39258525,-0.5561584,0.107189074,0.06893081,0.016946262,-0.00067310996,-0.021712888,-0.046172723,-0.35964867,1.7953959,-0.047365665,0.027901158,-0.21284047,-0.44881737,-1.4156367,-0.38793927,-0.10025844,-0.29318213,-0.94214964,-0.20509583,-0.31157154,0.028910138,-0.123498596,0.2029312,-0.26546273,-0.093066245,0.13283898,-0.48873425,0.22094384,0.061020672,-0.65895283,-0.12794387,0.6536853,0.03710141,0.01962705,-0.3569122,-0.046646163,0.011324257,0.015641317,-0.098656535,0.087011434,0.1559881,-0.35914195,-0.017227948,0.2092857,-0.06529039,-0.09280745,0.17239982,0.0017401013,0.12263835,0.049367674,0.05014764,0.09490477,-0.056462444,0.008431755,-0.05426479,0.19969866,-0.18487746,-0.023543062,0.078399666,0.010508986,-0.29395464,0.017719,0.17346752,-0.03716664,-0.16545153,0.0041537676,-0.18906732,-0.0028545465,0.02000347,-0.00050661725,0.15719104,0.01676216,0.06538463,0.0026399791,-0.036818847,0.007802829,0.10912162,-0.023621952,0.14947571,-0.07732937,0.3126655,0.057816543,0.19030131,-0.44161615,-0.2650037,-3.3559833,7.998049e-05,0.45054233,-0.34859446,0.100697726,0.36243248,0.005121276,0.15974475,0.1939076,0.045647845,0.1093376,0.15783061,-0.44019434,0.32451653,0.10771841,-0.28271878,0.0013456009,-0.13896886,-0.07387651,-0.27769613,0.2021114,-0.046498984,-0.4292518,-0.08705498,0.007177353,0.6913238,0.03623879,0.5188073,-0.08303208,0.002293357,0.02197282,-0.014367007,0.09510516,-0.09965348,-0.09608942,-0.034764454,0.075907275,0.23970033,-0.21564911,0.16336158,-0.18766248,0.19205187,-0.1556265,0.29673442,-0.08026484,0.1573005,-0.45253456,0.14259242,0.04530856,-0.13712497,-0.19049034,-0.24887805,-0.09488094,0.0041294694,0.11128272,1.5882659,-0.08404144,-0.14119789,-0.02404604,-0.116087504,-0.13929212,0.26633757,-0.39789706,0.7946872,-0.06570338,0.052229673,-0.14225863,0.39045772,-0.13071212,0.020909375,-0.00061754324,0.10990991,-0.031752165,-0.19702914,0.189161,0.26195297,-0.0645588,-0.09661923,-0.10959236,-0.7924915,-0.41454595,-0.0820077,0.028855093,0.055726845,0.24459833,0.056002934,0.038646467,-0.12041618,1.0776216,-0.28201878,1.7729833,0.0036415458,0.046774738,-0.5351957,0.06879389,-0.0012880259,-0.14591412,-0.0004117289,-0.23311731,-0.0023161694,0.08146594,-0.14226443,0.14384143,0.1907211,0.10717173,-0.10228935,-0.066834934,-0.062213227,-0.08809607,0.49370018,2.0042672,-0.15996455,0.70444053,-0.08142747,-0.024969563,-0.1758521,0.23641282,-0.031129478,-0.20510763,0.15953581,-0.033474416,-0.014997214,0.15532403,-0.07250326,-2.7503073,4.6294692e-05,0.021508437,-0.40541303,-0.15177342,0.100536555,0.31174144,0.3212557,0.0430732,0.23750928,0.08797568,-0.18434691,0.15116471,0.22387162,0.098666,-0.09154532,0.049258202,-0.0065561496,0.3660666,-0.09118074,0.011955339,0.28973877,0.085052386,-0.041200493,-0.07017156,0.30912656,0.24384972,0.080630586,0.31852072,-0.0575255,-0.01446897,0.020018576,0.1418314,0.009095412,0.5934496,-0.031963624,-0.005206606,0.12826137,-0.283985,0.0072649736,-0.15281355,0.09459534,0.017374747,0.10639895,-0.07740225,0.12042683,0.16055675,-0.5436522,0.39794597,0.2299418,0.0739496,0.038441826,0.1225228,-0.17735328,0.053152367,-0.045897424,-0.087652266,0.06381285,0.09753094,-0.27245766,0.07239103,0.21148847,0.28954044,0.28009343,0.35995233,-0.19335496,-0.14043635,0.0022137314,-0.27312848,0.21843135,-0.38400224,-0.13483989,-0.124312446,-0.18059865,-0.8649305,0.19708392,0.02779305,-0.7283086,0.97927594,0.32051265,-0.02680384,1.0314614,-0.28481585,-0.6295991,0.18106683,0.23867767,0.9420693,0.33411485,-0.010131631,0.22386175,0.10912438,-0.062109753,-0.0023785736,0.10962625,0.1077493,0.10824585,0.015406258,0.088003844,0.038845357,0.3950972,-0.20366433,-0.07605512,0.2211212,0.1937059,0.020803154,0.11428733,0.1067592,0.031805813,0.56465924,0.93500054,-0.098997496,0.13689135,0.03686438,-0.031187328,-3.1875148,-0.04762754,0.45443207,0.03844905,-0.0019409712,-0.09320136,-0.020533852,0.33996785,0.2557008,0.22840524,0.09910877,-0.053838167,-0.043002967,-0.044179667,-0.010168947,0.23073886,0.11978494,-0.22474764,-0.22886322,-0.09444688,0.32075843,-0.13671073,-0.34526783,0.11850424,-0.011170909,-0.00802248,0.10581556,-0.1622883,0.046128355,-0.30828464,-0.49393862,0.486286,0.0017230883,-0.121657684,-0.056279227,-0.10940859,0.35979515,0.048231445,-0.014244538,-0.13689864,0.2095147,-0.014472045,0.030042646,0.03253247,-0.12734237,0.48676342,0.124412514,0.37506157,-0.00037838146,-0.103160456,-0.013588725,0.49966535,-0.07708347,-9.166058,-0.048907,-0.081306234,-0.38868454,0.09915305,-0.25060418,-0.19543356,-0.11185905,-1.4713061,-0.022782244,0.0077863634,-0.33235005,-0.21638587,0.23150612,-0.03808582,0.25714648,0.01679857,0.22943965,-0.18826798,-0.13102548,0.31114918,0.19831717,0.18370926,0.3523627,0.118544266,0.25170115,0.004609987,-0.00514096,-0.26826712,0.110760495,-0.112195,-0.26880038,0.10893535,0.04690238,0.33043206,0.13260761,0.16167662,-0.034043193,0.11017506,-0.30379444,-0.06518214,0.024582822,-0.08058173,0.26380903,-0.16319977,-0.16380881,0.06368303,0.073120646,-0.14922,-0.10099136,0.045428034,-0.3781519,0.22841035,0.0516258,-0.050985575,0.5707013,0.1278404,0.31767446,-0.08474002,0.14370611,0.01131324,0.23025766,0.15278257,-0.032676738,-2.0137587,0.38939366,0.02836515,-0.022214234,0.11966043,0.05934874,-0.08638348,0.13912125,-0.048534364,-0.27505326,0.021598145,-0.7524827,-0.95288247,-0.16200674,-0.0892755,0.016967475,-0.24228616,0.049829602,0.8028491,-0.07901663,0.06385356,-0.14724511,-0.043041945,-0.025592394,-0.02982046,0.10834858,-0.050653435,-0.41873467,0.05087889,-0.1781398,-0.18270077,-0.1194326,0.12827367,0.121911,-0.17842695,-0.25234586,0.16709283,-0.08890821,-0.0332414,-0.15512428,-0.0365724,0.46614334,-0.32389703,-0.32396996,0.11654575,0.6813314,-0.054479327,0.026658848,-0.29485524,-0.24422823,-0.14510968,-0.36474806,0.07013857,-0.122322366,0.04432183,0.31357804,-0.12847713,0.042805016,0.036727726,0.039480135,0.40981072,-0.079908475,-0.44061428,-0.3375857,-0.079992495,-0.088028885,0.028371077,0.07233525,-0.10877571,0.1773296,0.2351556,0.13791868,0.23433985,0.09242836,-0.019873425,0.16450572,0.62264264,-0.018992767,0.31912297,-0.18475112,-0.06406772,0.17418261,0.0633428,0.04629481,1.8340998,0.14772396,-0.020993728,0.15180294,0.11401224,-0.119315945,-0.42025596,0.021561384,2.4415727,0.31606066,0.026649237,1.1107696,-0.0030132774,0
-0.015933238,0.05255789,0.22943166,0.20269436,0.3725164,0.22320795,0.60427403,0.03887119,-0.01500289,1.9579134,0.022084963,-0.030113138,-0.388289,0.15839528,-0.15688369,-0.060776353,0.06557779,-0.04424925,-0.19015102,0.0048390776,-0.4844066,-0.05431573,0.42208222,-0.16476862,0.18507499,-0.27394408,0.24547541,0.1303761,0.24029383,0.02519476,0.2278426,0.15282698,-0.15728356,0.016673185,-0.38199443,-0.023763016,0.040387716,-0.049694013,-0.16363513,-0.06364092,0.02628391,0.36631256,0.41372287,0.11991672,0.034752727,-0.094113484,0.014323335,-0.11210692,0.123582855,-0.31766927,-0.009036422,-0.40785837,0.009694857,-0.0007559997,0.39128837,-0.09714231,-0.013840195,0.17478427,-0.045085132,-0.0009766053,-0.41002017,-0.08899699,-0.03407559,0.4136012,0.24834484,0.033663042,0.19045052,-0.2915487,-0.18361965,-0.054745883,-0.073050424,-0.03684543,-0.16786048,-0.09649728,-0.14695095,-0.037513733,0.33615476,-0.07619445,-0.01791446,0.04156314,2.0102985,-0.13908306,0.07983366,0.26362994,2.5499055,0.17274189,-0.14875494,0.05936624,0.04862203,-0.15939459,-0.026149388,-0.019749701,-0.2389397,-0.035671216,-0.079935744,0.14362921,0.16910161,-0.10227659,-0.6537118,-0.028374843,-0.009449825,-0.10809792,0.14317274,-0.13390899,0.30876392,0.30590802,-0.12153021,-0.10650465,0.051295795,-0.14543879,-4.828805,-0.023630977,0.13114548,0.052802,0.25453067,0.15027386,0.07458826,0.043678537,0.10263726,-0.34149975,0.11045642,0.11063488,-0.040117703,0.062911384,-0.16513604,-0.0144432895,-0.010219,-0.09111028,0.1204775,0.29319754,-0.12101458,-0.022841051,-0.115255356,-0.21504466,0.12241915,-0.21164896,-0.009356901,0.46330982,-0.1000471,-0.043998025,0.0018904967,0.101629354,-0.058266617,0.057804868,0.17043659,-0.09666109,0.071967155,0.009304218,-0.12689416,-0.0193341,-0.6007155,0.04938172,0.033910915,0.09671957,0.08998983,0.119356215,0.08529821,0.061481856,0.09547631,0.15806875,-0.0010219808,0.24420549,0.17134656,0.038225144,0.06985104,0.2672335,0.10147949,0.20392329,0.26695725,-0.20332631,-0.014009777,0.05607708,-0.09454006,0.13690165,-0.027711168,-0.04819373,-0.5230543,-0.08406104,-0.43716225,0.28462029,0.015087932,-0.42034155,-0.15820694,0.55550855,-0.44352168,-0.009403765,-0.014098104,0.15207356,-0.06583131,-0.07707031,0.018750656,0.05010292,0.00886333,0.010462687,0.08009176,0.15541199,-0.10015552,0.10289541,0.1358706,0.24324872,0.046223223,-1.128505,-0.05343622,-0.09858614,-0.005484581,-0.24453412,0.054630022,0.019643128,0.004923231,-0.08831488,0.085963726,0.10076653,0.025817785,-0.06940533,0.18368988,-0.023230672,0.25629506,-0.0061409622,0.0009514302,0.0027256776,0.38982445,0.341223,0.23968421,-0.066283345,-0.047340013,-0.023862027,0.5449494,0.10800548,0.20081666,0.15864599,-0.37382916,0.036674757,-0.30977663,0.03875768,0.03050221,-0.040608875,0.08290364,0.06425909,-0.19973558,0.046853248,-0.10739173,-0.04843288,-0.028109226,0.0019958247,-0.014963467,-0.040128946,-0.017216489,-0.043717265,-0.24665193,0.24016365,0.18227017,-0.14124724,-0.09102124,0.19674177,0.10218748,-0.091757566,0.37404537,-0.70566785,-0.06685763,0.28190315,1.2738576,-0.21917596,0.14691637,-0.65356225,0.55908996,0.29681316,-0.0083259195,-0.26761532,-0.037546083,0.12569797,0.27866983,-0.05571067,0.062153585,0.00875431,-0.058267355,0.5344893,0.09128265,0.13662261,-0.078574106,-0.01833171,0.06077648,0.09902404,-0.15808697,-0.07399903,-0.36413538,0.09712387,-0.021727093,-0.31871158,0.32262042,0.185438,0.031578638,0.05669091,0.06618858,-0.054811597,0.009690419,0.027342677,-0.14058393,0.13167064,-0.18928404,0.027052652,0.023986712,-0.110045895,0.42510355,-0.43837428,0.010624602,0.06510076,0.06987802,-0.025741532,0.1443673,-0.2569825,0.22806057,0.4991826,-0.07184769,0.108396545,0.064991504,-0.055373237,-0.28981048,-0.26402786,-0.039645225,0.12442149,0.028760435,0.15770268,-0.0503741,-0.016543377,0.5645641,0.37797046,-0.11527273,-0.12279456,0.23488194,0.05723688,-0.070159584,0.005658902,-0.1616817,0.22024985,0.35580122,-0.70035315,-0.022943042,0.054766968,-0.3212999,-0.17905208,0.086598106,0.010642156,-0.025618508,-0.22819285,-0.06197725,-0.15620933,0.16324943,-0.04361713,-0.10044371,0.13617349,-0.15345185,0.51535946,-0.003141962,0.16110916,0.5632776,0.016418166,0.019538417,-0.031333804,-0.06955067,0.15079573,0.023996243,-0.07240446,0.073347256,0.74103117,0.032047153,0.014986917,0.009415422,-0.00044706743,0.14909527,-0.31090152,0.8707274,0.05120369,-0.12033364,0.0723616,0.08172159,0.49273282,0.21692938,0.04795741,0.49346644,0.0026668212,-0.053759247,0.11161421,-0.12804821,-0.26045543,0.04167305,0.033024117,0.44593763,0.04941182,0.0016360716,-0.22003418,-0.190485,0.03397666,-0.19782834,0.025125574,0.16187888,0.040872827,-0.018025756,-0.3050347,-0.6057163,-0.28612083,-0.14902425,-0.003286872,-0.22021416,-0.18563971,0.28053886,-0.013268106,-0.3492446,-0.16548613,0.15739322,0.0016956031,-0.18506886,-0.06415316,-0.37867397,2.5231972,0.043211892,-0.17566529,-0.15346523,0.025995523,-0.07993017,0.6261892,-0.01865334,-0.057431888,0.031189054,-0.011512443,-0.019108698,0.006417066,0.042061917,0.1500057,0.12412205,-0.20336297,0.17033015,0.08024976,-0.009428408,-0.153467,0.20122795,0.032774977,0.2746573,0.06954113,-0.45149112,0.1604173,0.30777103,-0.29087996,-0.33023483,-0.3669461,0.086065106,0.35425887,0.1572272,-0.047774553,0.04080386,0.44945383,0.069994666,-0.16381718,0.011662744,-0.34497738,0.03499677,-0.14780724,-0.050442927,-0.053049047,0.23006447,0.11404623,-0.20315468,0.27064627,0.07537623,0.111811966,0.12276322,-0.09032939,-0.0096654445,0.15175542,-0.33290672,0.18530461,-0.3357723,-0.3047067,0.2081799,-0.09093942,0.039738413,0.15864652,0.13181686,0.00071095675,-0.083500355,-0.0816925,-0.20300068,-0.2177799,-0.057692308,0.14836656,-0.036025226,-0.21411455,0.31250286,-0.5527572,0.124469094,0.10728953,0.0134285595,-0.0006941307,-0.035945624,-0.08178261,-0.28920445,1.5803003,0.015422717,0.079860985,-0.25866053,-0.31841028,-1.5316498,-0.22231516,-0.02823822,-0.17022127,-0.8630796,-0.09695254,-0.20168775,0.07066351,-0.17803332,0.18124036,-0.24517243,-0.09131458,0.07065772,-0.526231,0.13077617,0.049848557,-0.30477607,-0.06274682,0.8324801,-0.026200324,-0.08033573,-0.4626124,0.01360464,-0.21636999,0.03898135,-0.049261887,0.16467337,0.1183752,-0.28056774,-0.018939104,0.113215074,-0.052007806,-0.09006857,0.14925484,0.18086877,0.124749556,0.110055506,0.08875867,0.016979191,-0.05406706,-0.06728515,0.024377009,0.3124091,0.0028603673,-0.06532972,0.06948721,-0.0008478225,-0.34794194,-0.023762103,-0.042577934,-0.08061548,-0.11943873,0.06175752,-0.10805093,0.0054322816,0.038007203,-0.0005771307,0.05706121,-0.020396482,0.023887515,-0.14058757,-0.008367341,0.020608261,0.008171943,0.034017343,0.17687868,-0.1129615,0.17519563,0.03784842,0.14423448,-0.3473351,-0.2189154,-2.697909,8.297134e-05,0.09913185,-0.5231318,0.20658062,-0.0075148344,-0.1433776,0.059364855,0.06700261,0.060989514,0.07857034,0.11337498,-0.19824618,0.24896948,0.080395244,-0.31610292,-0.0067823827,0.019360676,-0.1307471,-0.0073534995,0.20297164,0.014872773,-0.3491695,-0.05403866,-0.015533386,0.28625676,0.05933994,0.40335643,-0.061651915,0.00234801,0.16646665,0.101763904,-0.28758204,-0.040120605,0.040233314,-0.042936753,0.061385203,0.13994594,-0.23455268,0.07752442,0.0295645,0.14131433,-0.10033186,0.25824606,-0.023363996,0.16270104,-0.21698996,0.18961059,0.05520742,-0.10404401,-0.056100674,-0.11553448,0.008068068,-0.12723196,0.047227763,1.1035181,-0.0530086,-0.064161755,0.016117696,-0.035762858,-0.12054363,0.19333842,-0.31890213,0.6846521,0.038133055,0.009715961,-0.2520866,0.42815596,0.04993607,0.08352028,0.008898245,0.005844623,-0.06883308,-0.15397277,0.051732857,0.45595106,-0.087172404,-0.12672524,-0.011947453,-0.91273725,-0.36473703,-0.10888401,-0.020491086,0.04727354,0.21745932,0.016523179,-0.07737967,-0.106727816,1.2645091,-0.29756913,1.9514159,-0.28626728,-0.010461822,-0.5853144,0.057967197,-0.048649132,-0.045947194,-0.00042420952,-0.40321898,-0.02177205,0.029537186,-0.15537044,0.118406355,0.11816362,0.009438349,-0.05501224,-0.040200047,-0.07342264,-0.10652863,0.2988572,1.5999722,-0.027461577,0.5588814,-0.04829955,-0.15428177,-0.2118986,0.19411287,-0.036195084,-0.040122725,0.29121253,0.0011255145,0.04022089,0.21244535,-0.10484873,-1.3395692,4.9115602e-05,0.19852586,-0.43292618,-0.31869292,0.18369572,0.22414438,0.3406866,0.0752536,0.22902054,0.055559844,-0.15839942,0.16350055,0.23003697,0.124136776,0.042549904,0.022967383,0.056132738,0.39510566,0.010643875,0.071867324,0.3894806,0.03992026,-0.074513905,-0.10586004,0.1514709,0.16935602,-0.011161149,0.5515226,-0.02306579,-0.014192838,0.027817197,0.103489034,-0.05950006,0.4657936,0.0071792454,0.03369526,0.085587636,-0.04350339,0.0027452668,-0.05766175,0.17934622,0.13432732,-0.035979003,0.05679153,0.14848116,0.049757212,-0.46789145,0.35770065,0.2142845,0.038919874,0.048626132,0.038413264,-0.033338666,0.08123776,0.02807492,-0.13899231,-0.010975175,-0.018736346,-0.2170369,0.10235359,0.26709127,0.30706677,0.4157014,0.46924114,-0.12538886,-0.09941527,0.0056855865,-0.16040577,0.16921705,-0.03934811,-0.08248073,0.03337711,-0.005066991,-1.0646913,-0.030819494,0.05307591,-0.3074054,0.4772586,0.28347677,-0.054893058,1.0780491,-0.10251127,-0.7558422,0.15771668,0.31065655,0.52816844,0.30567434,0.22884554,0.24931416,0.17596939,0.1099339,-0.0879045,0.03762787,0.18494366,0.18359777,0.080301054,0.054378968,0.0017466731,0.2179968,-0.03261471,-0.06539313,0.24266808,0.10197909,-0.020871334,0.29640087,0.041739687,0.022506977,0.65857893,0.58999556,-0.160243,0.18947794,0.041214053,0.062427223,-2.2819917,0.020537212,1.4040834,-0.032403007,-0.07321629,0.039101213,-0.078416035,0.26221842,0.18025501,0.15872169,0.07453959,-0.032387216,-0.046357878,0.034500275,0.008336287,0.24080603,0.08918346,-0.10772394,-0.17399108,-0.047391858,0.2917093,-0.19131276,-0.25738612,0.2240737,-0.101167865,-0.036845293,0.049375784,-0.08534084,-0.034356125,-0.121054746,-0.34183657,0.1409351,0.03430704,-0.09749794,-0.047571063,-0.07537745,0.050021328,0.09310529,-0.08093109,-0.16999273,0.07279472,0.00841286,0.10468261,0.027797973,-0.09328421,0.36675915,-0.0861288,0.53502923,-0.046257675,-0.0683157,0.0488118,0.5003543,-0.10516514,-7.3920045,-0.044229228,-0.14297813,-0.29999882,0.1447493,-0.26675045,-0.07610081,-0.051013194,-1.2648144,-0.015230924,0.015252922,-0.21842173,-0.03507863,0.24553135,0.025463287,0.15711932,0.10573392,0.13779476,-0.091918096,-0.12790649,0.23890238,0.17521137,0.03887003,0.28690013,0.5073474,0.19564179,0.020606533,0.011164978,-0.19772083,0.1680651,-0.06823532,-0.47039995,0.12450748,0.06805082,0.28350505,0.15846372,0.04494871,0.08722224,0.062201425,-0.26386207,0.028331356,0.0374989,-0.09300925,0.23806259,-0.1127096,-0.14931244,0.09696694,0.035817992,-0.070116505,-0.06578493,0.034998305,-0.37887633,0.19998562,0.0632364,-0.12570913,0.6743262,0.07304649,0.2233588,-0.057390504,0.1714383,-0.019940194,0.28230706,0.13554786,-0.09764715,-1.9851358,0.23467135,-0.04153691,-0.06961832,0.07631284,0.033572532,-0.026546732,0.11247216,-0.07119023,-0.25241747,0.1133323,-0.9099851,-0.60590786,-0.14328133,-0.12019725,-0.030897832,-0.14172879,0.057696868,0.6807618,-0.019920215,0.03780649,-0.1576817,-0.0386407,0.045980256,-0.041853182,0.13769174,-0.0035352055,-0.37716636,0.23972818,-0.08854897,-0.12648255,-0.033153713,0.14379047,0.055315215,0.008820951,-0.051409915,0.27473933,-0.092868164,0.13848487,-0.24005017,-0.055756133,0.5701001,-0.19669737,-0.24437177,0.025301939,0.38746703,-0.04871138,-0.030400917,-0.23624782,-0.07595664,-0.23130745,-0.3995047,0.1597147,-0.17246105,-0.0314008,0.13996729,-0.21128316,0.023445282,0.052028835,-0.053560868,0.24709809,-0.15034387,-0.40046838,-0.21799687,-0.05746246,-0.0809299,0.052569143,-0.069633305,-0.14929995,0.044636287,0.10360959,0.090216346,0.2251204,0.0067904573,-0.024301212,0.15471447,0.5714686,-0.07632407,0.021708675,-0.16494167,-0.044599876,0.28857267,0.07027808,-0.008533031,1.1682043,0.045682214,0.035823468,0.020070178,0.17193158,-0.12630428,-0.23236828,0.063549966,1.8792238,0.17773409,-0.030002818,1.3811245,-0.0022927113,0
0.00052438676,0.04241897,0.2249658,0.26273856,0.546033,0.31244606,0.7174963,0.14351945,-0.0871971,1.45294,-0.0435932,-0.050689444,-0.28691077,0.078865685,0.4631744,-0.00062889606,0.07028551,-0.06622909,-0.24269451,-0.011176713,-0.13722897,-0.038563658,0.341946,-0.38625857,0.18969378,-0.24438232,0.52703375,0.18624991,0.29275656,0.032987718,0.07280469,0.11487177,0.010864519,0.028107159,-0.3785848,-0.018073559,0.12526579,-0.07091951,-0.034051817,-0.10810991,0.18197788,0.20445755,0.3338115,0.1268509,-0.062917344,-0.16315839,0.07235793,-0.16290413,0.21379972,-0.36674443,-0.09332227,-0.48753828,-0.07699659,0.019465165,0.6453705,-0.18094693,0.022507071,0.104771286,-0.059524212,0.0023002028,-0.56881386,-0.08548214,-0.07660816,0.3451651,0.29325318,0.09997232,-0.03134048,-0.43209478,-0.04586594,-0.03009858,-0.2538492,0.09069073,0.24880022,-0.10196327,-0.09572728,-0.014002953,0.16384616,-0.2595025,0.0033159228,0.13223514,2.0521402,-0.3545104,0.08451426,0.2956316,2.5795982,0.21355227,-0.18441322,0.13817862,0.097977996,-0.21528587,0.039920636,0.21464503,-0.21562618,-0.048066348,-0.0783248,0.094966434,0.08295775,-0.1720632,-0.75342077,-0.0052530235,-0.059554525,0.0013527917,0.21664087,0.03195364,0.37762865,-0.029545963,-0.13878341,-0.025151815,0.0737286,-0.16297019,-4.539275,0.13309704,0.013533413,0.07544626,0.28340533,0.14188841,0.06337236,0.021221317,-0.047188774,-0.48302388,0.119369596,0.10744959,-0.0034817122,0.056631997,-0.14053605,-0.0018157475,0.11231264,-0.12179357,0.13774858,0.25243372,-0.1579361,-0.035451464,-0.07939473,-0.0030678958,0.16445147,-0.28192827,0.027742384,0.40363765,-0.072980784,-0.009785481,0.017604442,0.079057194,-0.07985692,0.2846466,0.29582837,-0.10013245,-0.08802777,0.18859282,-0.086881004,0.058911487,-0.12823975,0.03652168,-0.0162971,0.04982719,0.26709142,0.05607847,0.09755175,0.07292316,0.17335816,-0.0012764689,0.03005331,0.30761665,-0.020040313,0.14897469,0.07323152,0.16945803,0.0047791554,0.21386752,0.21704355,-0.08738856,-0.04046072,0.048259355,-0.07396886,0.10858284,-0.2273838,-0.1428767,-0.379782,-0.18786891,-0.37640676,0.26009265,-0.097915486,-0.3540572,-0.14739925,0.59789586,-0.30799145,0.26727417,0.050682552,0.16268788,-0.049497202,-0.035282817,0.01707301,0.072573856,0.018912472,-0.07623658,-0.013142056,0.13766085,-0.09925111,0.08598961,0.105786845,0.25549886,0.013872093,-0.9154451,-0.090040416,-0.08568298,-0.013493098,-0.18310872,0.008913291,-0.07156296,0.0851071,-0.1223893,0.046553094,0.09592194,0.0064749643,-0.101009674,0.006978214,-0.011512384,0.29656935,-0.024710916,0.0009153808,-0.13718876,0.3231532,0.31891894,0.29056802,-0.075626686,-0.13152234,-0.014212299,0.61671877,0.07622637,0.08471447,0.19757809,-0.22964367,0.06506493,-0.34396005,-0.008355424,0.05161406,-0.123935044,0.15233122,0.1586409,-0.7188849,0.18984762,-0.15669718,-0.03657491,-0.014824737,0.0025719665,-0.014664695,0.032437224,-0.056458116,-0.42073143,-0.20656434,0.16503617,0.17862462,-0.13994826,0.0888172,0.094747335,0.19085379,0.0018145889,0.34724498,-0.008380092,-0.08976867,0.1343577,0.8528106,-0.1474182,0.4166128,-0.9600439,0.41119775,0.6535499,-0.19649734,-0.012650158,-0.11882089,0.1646589,0.25171447,-0.095682316,0.194842,0.06141334,-0.19763097,0.00972192,0.14428496,0.1878666,-0.10910216,0.007247992,0.21530408,0.10905248,-0.22776872,-0.26495254,-0.31133652,0.24947195,0.027411029,-0.21096474,0.3187603,0.3032171,0.03137569,0.10461387,0.024122633,-0.021968186,0.02529114,0.02548723,-0.20312522,0.17896892,0.0059718005,0.0065803677,-0.03814575,-0.14752796,0.14947414,-0.27902132,-0.067834765,0.06852954,-0.24716061,0.06600175,0.18054342,-0.22232363,0.27112275,0.12013799,-0.008380808,0.086660445,-0.008441545,-0.18854149,-0.21278866,-0.42774853,-0.05155745,0.12118245,0.07611528,0.14626041,-0.055612575,-0.006302733,0.7800251,0.2295138,0.05847653,0.0008137226,0.22325541,0.0351856,-0.064120635,-0.011261448,-0.17579725,0.09193125,0.2970569,-0.39351335,0.007775523,0.0324578,-0.16894977,-0.16695322,-0.005677538,0.023261208,-0.080220066,-0.2952519,-0.0892947,-0.16050187,0.14886674,0.32774788,-0.10488944,0.101983964,-0.13513249,0.604694,-0.000117853284,0.1226318,0.5999941,0.017113816,-0.116223216,-0.07931733,-0.015424151,0.078078434,0.049979202,-0.041105468,0.069990784,0.07380159,-0.0035013333,0.04632234,0.07479527,0.040537696,0.16467187,-0.39166647,1.0840086,0.061534796,0.05143234,0.22603683,0.120465934,0.5573698,0.07189906,0.025144834,0.4169657,0.0026787515,0.008947114,0.052439854,-0.10903759,-0.23331131,-0.01613278,0.02263062,0.46235716,0.1398454,0.0015653747,-0.19147885,-0.24178076,0.28362736,-0.23957583,0.07122495,0.16261135,0.0028142333,-0.04394096,-0.3652311,-0.6696358,-0.22487958,-0.13231151,-0.11215759,-0.46772027,-0.054597154,0.24482179,-0.006934941,-0.23606785,-0.06585057,0.10006247,0.012560695,-0.17418846,-0.12899813,-0.07366672,2.2834902,0.05455725,-0.14551961,-0.15106902,0.087609716,0.029738408,0.5172002,-0.30173215,-0.07055991,0.0070126057,0.051168285,0.15873584,0.10212681,-0.08775176,0.009078942,0.11747162,-0.009167248,0.15612754,0.12594514,-0.02037654,-0.16743588,0.16404852,-0.013824679,0.14565715,0.07868534,0.060115397,0.06525884,0.2875144,-0.17736621,-0.19578761,-0.4357648,0.0989785,0.27931374,0.0058833025,-0.014683187,0.04206167,0.08500266,0.18386301,-0.18458135,0.04216455,0.01922758,-0.019374833,-0.2205348,-0.123084985,-0.039789457,0.31764275,0.0069071325,-0.14781538,0.17298594,-0.00027279183,0.3508691,0.1508695,-0.080865614,0.02903651,0.15186602,-0.22053966,0.32044435,-0.38840792,-0.3451173,0.21148406,-0.03579755,0.07193,0.25365514,0.09898792,-0.022391632,-0.100527346,0.07801482,-0.21176568,-0.20586911,-0.038946904,0.20648207,0.03588794,-0.06769267,0.46249765,-0.45579958,0.072752625,0.013446815,0.0075589097,-0.00071550225,-0.027964745,-0.109432004,-0.30858722,1.7079937,-0.07198799,-0.11050469,-0.21639502,-0.31475827,-1.0351979,-0.2798519,-0.054322746,-0.1690175,-0.88685346,-0.34908548,-0.23564777,0.0058161393,0.080096245,0.3823635,-0.27355585,-0.1425232,0.06696376,-0.6056341,0.18046303,0.04693371,-0.8320143,-0.12682036,0.9207603,0.068498954,-0.030386165,-0.3364726,-0.023026228,0.15242243,0.05438368,-0.067484684,0.22015956,0.16129124,-0.42628643,-0.012980405,0.11448912,-0.03413946,-0.0027811322,0.0943896,0.12643929,0.20016193,0.07293015,0.044798918,0.07759507,-0.07835453,-0.011685763,-0.05341247,-0.0006813556,-0.14872177,-0.07195197,0.11140255,-0.0035470373,-0.25957775,0.03200846,0.01641573,-0.14545886,-0.22753745,0.031814247,-0.12359293,-0.0037963353,0.019180143,-0.0005613654,0.14136954,0.055813536,0.01088798,-0.26912254,-0.020062031,0.00011926517,0.029031964,0.052117813,0.12124738,-0.073871,0.28984302,0.09406149,0.22895068,-0.38297206,-0.32386208,-2.5001488,8.9144145e-05,0.036882162,-0.5218441,0.1590189,-0.03662604,-0.020824932,0.14150798,0.26565015,0.19450988,0.118962295,0.14086491,0.08399224,0.21655738,0.094258204,-0.27402088,0.02313932,0.036794577,-0.1691741,-0.033449203,0.2658628,-0.018044751,-0.36844492,-0.16367364,-0.026259067,0.28666788,0.050433837,0.45629415,-0.09341344,0.0019650497,0.24028406,0.1649685,-0.67212635,-0.05196973,0.021108262,-0.010338757,0.07574839,0.23913509,-0.22698835,0.044963196,-0.020374537,0.28619444,-0.18507367,0.33441335,-0.0027946946,0.15739919,-0.32899755,0.13634896,0.048052542,-0.09589344,-0.0056992136,-0.15960935,-0.13644151,-0.0968672,0.118433416,1.1206803,-0.028307728,-0.09301885,0.0009020325,-0.02456216,-0.11457504,0.17967929,-0.5617796,0.40864876,-0.09031024,-0.0071623772,-0.23356332,0.31476864,0.043180138,-0.011788926,0.034196354,0.10072066,0.0027278438,-0.17245048,0.108343974,0.7548045,-0.06232448,-0.119779155,-0.22127096,-0.9319303,-0.3126645,-0.11344524,0.01229177,0.0037810858,0.035878837,0.055786192,0.055635545,-0.013328776,0.9408544,-0.22753723,1.516978,-0.049491193,0.012847368,-0.47242793,0.102612615,-0.021006208,-0.1559605,-0.00045832904,-0.25863084,0.010614619,0.048219774,-0.13169867,0.16364248,0.15430468,0.1476107,-0.2575662,-0.045713313,-0.058350507,-0.06591852,0.20776744,1.3595917,-0.05233823,0.8531541,-0.03743868,-0.09436081,-0.061476223,0.29124483,0.026374888,-0.08031297,0.13954479,-0.006762013,-0.07893589,0.23475109,-0.053792417,-1.0714594,4.9840874e-05,0.11781706,-0.3984671,-0.3872508,0.3431199,0.20218705,0.20238212,0.20119353,0.19191888,0.10349268,-0.1275667,0.06439944,0.1970635,0.060338415,0.012492299,0.060273774,0.13956414,0.3433552,-0.15425321,0.044259887,0.19657084,0.11843866,-0.013060049,-0.10123335,0.16197532,0.16141918,0.062068146,0.690452,-0.15625873,-0.054483373,0.02860646,0.12896265,0.07196316,0.56594086,-0.0064891726,0.014507324,0.03874205,0.63542354,0.028737353,-0.23471151,0.10823866,0.100186326,0.029016916,-0.04971751,0.10535132,0.09720822,-0.6531826,0.31508464,0.18733697,0.05192251,0.059996158,0.061815165,-0.15959308,0.085418835,0.024266303,-0.029830202,0.008223355,0.12207201,-0.27565387,0.23588979,0.18243483,0.30299178,-0.17003977,0.32529953,0.011519603,-0.2089005,0.032520626,-0.20079666,0.11294298,0.1763287,-0.062556416,-0.04018505,0.0072850585,-1.3295294,0.4157929,0.0036128163,-0.48188743,-0.026040554,0.2532341,0.009504881,0.8588621,-0.115227915,-0.7157195,0.20574988,0.30307135,0.58542174,0.23951271,0.20588273,0.3395126,0.008019419,0.058399957,-0.078595996,0.18626517,0.2181844,0.12074274,0.07640764,0.08239843,-0.0288909,0.2956845,0.0663753,-0.015497785,0.30140385,-0.14460638,-0.043211043,0.061397344,0.10251164,0.0093396865,0.62621224,0.47986192,-0.07265979,-0.06968486,0.044489995,-0.107341304,-2.3989885,-0.042972088,0.8607201,-0.14974251,-0.039449442,-0.07397651,-0.13981386,0.20867321,0.21505915,0.20784752,0.13926901,-0.0206583,-0.0043193772,-0.001793772,-0.04034055,0.2606729,0.16287121,-0.09617505,-0.22932261,-0.038118638,0.23276919,-0.16166046,-0.26652652,-0.0045826957,-0.13615528,0.00024416298,0.026839893,-0.046248678,0.029209793,-0.38356996,-0.3824327,0.24962795,0.10186668,-0.12050698,-0.05898185,-0.11701903,0.33459714,0.06990458,-0.033618875,-0.10976408,0.13657418,0.063409835,0.05256383,0.013605412,-0.12765834,0.33764127,-0.08538905,0.3357631,-0.015983649,-0.1441192,0.10910866,0.2060739,-0.06450169,-6.570572,-0.05679992,-0.047830567,-0.417683,0.10801682,-0.2065108,-0.1341054,-0.12583114,-1.0403868,-0.023329526,0.011665441,-0.24632452,-0.4417457,0.17829368,0.072934344,0.47989437,0.050832488,0.20248213,-0.094162464,-0.14703655,0.36702228,0.11444304,0.081469454,0.38773078,0.6279529,0.21541983,0.013554089,-0.034742285,-0.15627547,0.13426383,-0.11844907,-0.3591439,0.1875974,0.06392199,0.26810184,0.06662588,0.023020625,0.099502474,0.037422646,-0.3167695,-0.074128136,-0.020667747,0.0851215,0.23019177,-0.013327576,-0.14935903,0.044143613,0.18028486,-0.122689635,-0.10048346,-0.00078392867,-0.3629526,0.24701217,0.0692322,-0.19593404,0.6229262,-0.019686274,0.19248524,-0.10966734,0.12798156,-0.02234787,0.3604986,0.115931936,-0.028878346,-2.0066884,0.28280613,0.0045897495,-0.037974752,0.043042928,0.07032349,-0.0687308,0.052760012,-0.10176604,-0.14238948,0.0086952,-0.842721,-0.25766557,0.03574176,-0.07081079,-0.0035020933,-0.13827251,0.09919905,0.52111536,-0.14365652,-0.036190636,-0.008102581,-0.10275781,-0.055271313,-0.08848629,0.1052986,0.17564476,-0.42546102,0.12210529,0.012269907,-0.12192376,-0.24521992,0.02078265,0.03168776,-0.24080265,-0.019112602,0.14512686,-0.07720865,0.02000515,-0.24324434,-0.04523682,0.5390847,-0.26269674,-0.37200412,0.13479686,0.5703949,-0.01304438,-0.07834524,-0.08169906,-0.18810055,-0.18346928,-0.45339537,-0.053374656,-0.09692085,0.028650194,0.28138062,0.14727713,0.038474105,0.119778186,0.049254365,0.11065426,-0.09621988,-0.39621675,-0.25588885,0.09221661,-0.10579946,0.05022853,-0.052921057,-0.028754067,0.021267593,0.30335635,-0.023817874,0.26258847,0.015302902,-0.04028455,0.13272873,0.51202506,0.0082720965,-0.038508378,-0.070298344,-0.09008041,0.4092863,0.038141996,-0.0201713,1.2666833,0.11956083,-0.028693046,-0.06857972,0.19499688,-0.12003644,0.10487077,0.026281185,1.9899184,0.27320203,0.003013149,1.2030437,-0.043658406,0
-0.029920897,0.037988532,0.20490107,0.22302814,0.27730942,0.42490247,0.95584154,0.19833879,-0.1090396,2.1987028,-0.023427632,-0.024649262,-0.41330767,0.0770617,-0.34235057,-0.10524577,0.021525828,-0.11286586,-0.036813304,0.021542361,-0.26520196,-0.0032966584,0.31496823,-0.16209117,0.21809,-0.27722257,0.30468366,0.23612134,0.3517646,0.0012401938,0.16925584,0.15505658,0.024432592,0.043972623,-0.37209857,-0.009033941,0.022919923,-0.09565021,0.043823835,-0.0982655,0.09928386,0.29385403,0.4238861,0.1386857,-0.102636896,-0.21348044,0.07140638,-0.03861602,0.15133092,-0.34473723,-0.015524723,-0.43402138,-0.02090301,0.005591465,0.62224543,-0.13828722,0.007101178,0.22616155,-0.098299205,0.10484585,-0.53741163,-0.18926203,-0.10375257,0.29378217,0.36491948,0.21577242,0.15648746,-0.34973323,-0.054352846,-0.10674271,-0.1346053,0.010278694,-0.01575628,-0.08030121,0.040504467,0.040481444,0.25271982,-0.30574074,0.016290238,0.03656604,2.1459281,-0.32885316,0.085150056,0.23962557,2.6007035,0.16031396,-0.2392918,0.10762095,0.120294616,-0.19524384,0.023616664,-0.13928673,-0.12303738,-0.049600884,-0.04831031,0.10049069,0.09413467,-0.08925161,-0.85210335,-0.032594357,-0.070273824,-0.036573406,0.25370166,-0.17120363,0.32208455,0.0428769,-0.1210916,-0.34458095,0.0043922863,-0.16855794,-4.7058673,-0.046710625,0.08287066,-0.0726858,0.2706226,0.22128806,0.109769,-0.035666108,0.0781251,-0.61468965,0.23418632,0.11382076,0.01669285,0.0033480506,-0.11108388,-0.08147015,0.079620466,-0.047220793,0.18619615,0.18099198,-0.1080458,-0.011771157,-0.021273445,-0.30704612,0.15830365,-0.17730606,0.073485926,0.13387425,-0.09393995,0.02823209,0.019994307,0.1013855,-0.021487277,0.06721074,0.30240834,-0.049481206,-0.042397887,0.103230685,-0.081670046,-0.04206367,-0.5056119,0.066761985,0.03913986,0.09270793,0.23470443,0.29078218,0.10431657,0.15895952,0.22866133,0.13884154,-0.00560424,0.25709492,0.21854588,0.13157389,0.119861625,0.09841674,0.045572136,0.2739852,0.26877785,-0.060420014,-0.07351368,0.060843386,0.0012639053,0.03312323,0.16721173,-0.15570323,-0.5696731,-0.18822959,-0.3789237,0.30499348,-0.19013178,-0.44693735,-0.06709298,0.7857696,-0.4820002,0.4137705,-0.029699266,0.24787806,-0.062564604,-0.080576554,-0.018033303,0.01716794,-0.013924561,-0.094369724,0.06741905,0.20303439,-0.07751594,0.09362815,-0.060884908,0.25881132,0.030840904,-1.2884873,-0.06719353,-0.10970865,0.07967769,-0.258007,-0.01833578,0.033734605,0.033378623,-0.20230287,0.14587352,0.07676587,-0.06002924,-0.030383848,0.16140929,-0.056633435,0.28867728,-0.04963097,0.0009197539,-0.09239918,0.40557793,0.45249268,0.30770448,0.003997892,-0.17166804,-0.063132115,0.17777508,0.12919495,0.1683228,0.12776996,-0.36316693,0.064165294,-0.42202562,0.07668297,0.028794093,-0.056026522,0.23340753,0.059387214,-0.31457764,0.105605856,-0.20839438,-0.028661234,-0.0068726987,0.0024968027,0.013220027,0.047603376,-0.08434232,-0.23376882,-0.2716934,0.26947913,0.20712858,-0.14731832,-0.41679737,0.26168922,0.09092565,-0.16847274,0.26244575,-1.1437081,-0.08625688,0.2945481,1.8505611,-0.4276396,-0.05578044,-0.9046675,0.43027776,0.7383414,-0.22144961,-0.10385831,-0.017361855,0.19719759,0.22373775,-0.0015668366,0.10356501,-0.05358389,-0.15241212,0.6538815,0.15469742,-0.053693652,-0.07392387,-0.052822977,-0.051918626,0.079673514,-0.19378288,0.028311472,-0.23321159,0.13416873,-0.015406877,-0.16130883,0.16699195,0.21635358,0.028583214,0.136076,0.06271583,-0.08785741,0.03363023,0.048554637,-0.10527848,0.13547307,0.012063147,0.0032586602,0.120473094,-0.058943145,0.21698166,-0.41964686,0.06916612,0.09417313,-0.034604087,-0.032654613,0.10301139,-0.2618659,0.10816002,0.7305411,-0.009803668,0.041983984,0.014901362,-0.24716426,-0.33557284,-0.2887419,-0.007774831,0.34857386,-0.045491286,0.17198294,-0.096692815,-0.06395553,0.33070463,0.41624403,-0.10194594,-0.0683752,0.30461586,-0.108103454,-0.004544299,-0.032109566,-0.15334447,0.1872158,0.5051129,-0.89759636,0.034344345,-0.046663303,-0.21446009,-0.06745486,0.10339196,0.0490997,-0.0055511594,-0.35478032,-0.086370595,-0.15883933,0.15529631,0.06777204,-0.15681379,0.014376641,-0.15152831,0.45160735,0.059058383,0.16943252,0.5351198,-0.0073823333,-0.09518263,-0.052870706,-0.14273056,0.08154054,0.049079806,-0.034861192,0.14341651,1.139334,0.029181235,0.02821789,0.08061916,-0.009978742,0.16346607,-0.42010468,1.1074331,0.056147024,-0.11606307,0.17832693,0.07328804,0.4888688,-0.07193959,0.057121508,0.5623763,0.002566886,-0.027438069,0.08144548,-0.15838495,-0.27368912,-0.085149154,-0.018483333,0.49026877,0.0918103,0.0015477474,-0.1562881,-0.21074474,0.12097557,-0.3718226,-0.02003989,0.1460552,0.07802329,-0.010433972,-0.3361749,-0.3668007,-0.21419166,-0.0062839054,-0.06444974,-0.4255391,-0.24161863,0.40455866,0.005606003,-0.15945044,-0.09163053,0.027436681,0.028916717,-0.15877384,-0.13010757,-0.17632413,2.7830424,0.066302106,-0.21748915,-0.15158655,0.091379054,0.009721294,0.78259265,-0.16540855,-0.07599813,0.049387496,0.08137307,-0.086529136,-0.1551458,-0.20894139,0.029309079,0.18997034,-0.1724047,0.18585342,0.023090675,0.03493768,-0.10320805,0.3203625,0.10473496,0.14372978,0.07837762,-0.1757175,-0.0060813203,0.34425992,-0.11732579,-0.35021004,-0.34255645,0.11747757,0.18892436,0.15059526,-0.01936397,-0.06536664,0.33606422,0.034911525,-0.28827152,0.013151143,-0.5113661,0.07381577,0.095991045,-0.18564466,-0.13054445,0.2761116,-0.04389529,-0.22806379,0.18522348,-0.1427038,0.3827591,0.05548832,-0.09174453,0.03151712,0.1703667,-0.4349354,0.33322188,-0.40270582,-0.36224604,0.22587709,-0.057869732,0.09137076,0.3198406,0.1992365,-0.08689879,-0.13188063,0.04816339,-0.13503963,-0.14700252,-0.025447339,0.03521721,-0.054037973,-0.20484121,0.48415825,-0.59756565,0.14061481,-0.031817645,-0.0068434207,-0.00068475376,0.043358594,0.03555665,-0.31254423,1.9444697,0.043698348,-0.15605904,-0.27752262,-0.10985014,-1.6188867,-0.2522542,-0.03996972,-0.22700445,-0.95581406,-0.32885838,-0.31716135,0.018872268,-0.21153747,0.23675573,-0.3205115,0.019477472,0.1357682,-0.5409766,0.17775506,0.08608717,-0.69402134,-0.09893885,0.8074526,0.097427286,0.02452167,-0.3967995,-0.014820248,0.21190387,-0.023858204,-0.17064236,0.11783312,0.15805854,-0.2718369,-0.018555984,0.1660093,-0.05721224,-0.02088344,0.07789777,0.11506117,0.15279,0.06117861,0.018770758,0.16837561,-0.061969303,-0.031073717,0.02932383,0.17133515,-0.21015416,-0.08868318,0.11471906,-0.005566991,-0.29703194,-0.009317532,0.22896826,0.00091163587,-0.101840965,-0.026664235,-0.17653811,-0.015523383,0.012793707,-0.00044622086,0.14023754,-0.008696888,0.16480756,-0.4462012,-0.046141624,-0.0054944456,0.10996042,-0.026389424,0.07359174,-0.027203351,0.37997892,0.08128774,0.21185815,-0.5250262,-0.37351862,-3.2674167,7.686265e-05,0.49273422,-0.5981837,0.13917994,0.22591905,-0.07392336,0.07680521,0.109735295,-0.035025164,0.16988063,0.17214853,-0.2186535,0.2572967,0.13911244,-0.233506,0.0019046403,-0.09588092,-0.13765028,-0.2837038,0.2936811,0.011163617,-0.3844121,-0.058788747,0.0391173,0.59179693,0.07832087,0.3219089,-0.06425644,0.0022650538,0.0030472279,0.012367502,-0.16887411,-0.09054507,-0.075530455,-0.09102322,-0.077169605,0.28608716,-0.26844504,0.14874485,-0.13046587,0.09654211,-0.1614749,0.26120257,-0.11882275,0.17718244,-0.4574278,0.1985593,0.061705835,-0.11030979,-0.098008245,-0.28516263,-0.15873124,-0.068556964,0.059856795,1.3012387,-0.04681979,-0.11850869,-0.03290782,-0.07788464,-0.13290909,0.37920815,-0.41369298,0.58266366,-0.007001546,0.06302367,-0.17669806,0.42890072,-0.032905728,0.012290813,0.010963356,0.08534464,-0.058860626,-0.20989378,0.23856285,0.64608485,-0.106696606,-0.069708474,-0.014355522,-0.96000385,-0.35825586,-0.022847656,0.024287963,0.02145465,0.24977672,0.06704125,0.11512125,-0.08628178,1.2778587,-0.28880954,2.1029902,-0.06337485,0.015274685,-0.80649894,0.12156791,-0.017591845,-0.08709426,-0.00040688633,-0.32333377,-0.12167901,0.09410528,-0.118827574,0.15971124,0.14444871,0.15306553,-0.07671413,-0.0448374,-0.0062936656,-0.13720347,0.49145,1.9848683,-0.13990322,0.73202735,-0.12469679,-0.26020265,-0.15880421,0.116928,-0.053250477,-0.22489765,0.17798488,0.06777164,-0.010643564,0.22643498,-0.08156483,-2.6940968,4.6679164e-05,0.02822179,-0.5819881,-0.32427597,0.30640116,0.22408433,0.3523436,0.018446766,0.29369897,0.031283908,-0.18866023,0.13463774,0.23066694,-0.00019783527,-0.10884854,-0.028744884,-0.04241608,0.45156324,-0.059536003,0.0325393,0.42422512,0.018089201,-0.0219157,-0.06762004,0.22001207,0.2455269,0.07635558,0.3895873,-0.011069387,-0.037880383,-0.047751926,0.11653239,-0.06515496,0.66529685,0.07133343,-0.03875585,0.04922674,-0.03270644,0.010388156,-0.115851335,0.16250949,0.09431128,0.052464485,-0.0433262,0.13367262,0.05826728,-0.6689973,0.4176979,0.2349844,0.12281305,0.054064102,0.07262062,-0.14854982,0.056169026,0.0096484125,-0.11282714,0.035684485,0.16798463,-0.3020254,0.1324851,0.14254677,0.4142989,0.26603195,0.3115731,-0.30041653,-0.16865823,0.053988867,-0.21785733,0.17551348,-0.22642806,-0.13984293,-0.10428258,-0.20168924,-0.90460044,0.07785846,0.0100982785,-0.6251077,1.0977861,0.24557973,-0.09800305,1.3423417,-0.20635453,-0.7960392,0.13961086,0.28547412,0.6054082,0.36097193,0.29009613,0.20395753,0.12615086,0.058861695,-0.05003062,0.072184876,0.1264532,0.18731013,0.103843875,0.07200859,0.13130191,0.30120152,-0.14364773,-0.081143156,0.23461112,0.07608695,-0.016832605,0.17746668,0.11617799,0.056355763,0.6161027,0.8236039,-0.10582947,0.16162886,0.04061039,0.0015123524,-3.3482645,-0.12231028,0.744492,-0.18030837,-0.031980775,-0.11352386,-0.08861944,0.2744811,0.2731646,0.16915941,0.1061604,-0.05395216,0.05036241,-0.02618926,0.04292517,0.2735117,0.0892037,-0.18909319,-0.14331426,-0.058328226,0.34726027,-0.16294667,-0.39612263,0.08801612,0.026939828,0.0062817335,-0.037153393,-0.15254757,-0.027260035,-0.37061995,-0.5108462,0.2362633,-0.009095613,-0.113440044,-0.033247866,-0.038125254,0.2951211,0.11369631,-0.031160563,-0.11806037,0.27035934,0.109131,-0.024929622,-0.060212336,-0.12945133,0.5642769,0.103002205,0.36531812,0.009871468,-0.12276384,0.055144414,0.5315219,-0.16086842,-9.023483,-0.012950227,-0.10746115,-0.37995067,0.11106609,-0.33149615,-0.19558495,-0.10204522,-1.1654813,-0.0031351075,0.030850817,-0.31231642,-0.1792782,0.2921748,0.058705162,0.14434937,0.039677903,0.26466376,-0.092454314,-0.18546407,0.25788912,0.17568487,0.23724547,0.4532426,0.19569013,0.24433443,0.037703425,0.039064176,-0.24816626,0.24783733,-0.121504195,-0.52512634,0.22142696,0.04337629,0.4279285,0.2861784,0.081906356,0.026867982,0.05625219,-0.25977328,-0.032838292,0.025214331,-0.034076042,0.3018075,-0.036813118,-0.19182435,0.09871986,0.14873415,-0.1389098,-0.091144405,0.07357677,-0.3269524,0.21346173,0.07415755,-0.2681081,0.62981427,0.09755993,0.28188884,-0.08715436,0.19309157,-0.004531258,0.41551995,0.18252027,-0.04171655,-2.0300076,0.4313326,0.03361836,-0.06858536,0.09745407,0.05660008,-0.088173755,0.13956958,-0.09836658,-0.22736368,0.050983272,-0.7564685,-0.78406435,-0.11976713,-0.16882604,-0.009196045,-0.18913108,0.07611514,0.8992187,-0.014002755,0.07059178,-0.12348342,-0.061376378,-0.033693105,-0.02800342,0.08586521,-0.12265991,-0.48852786,0.03493031,-0.21408936,-0.098173395,-0.027982078,0.13873646,0.10578485,-0.19024295,0.015326418,0.2781416,-0.0942438,-0.014288993,-0.16101122,-0.04305875,0.49628034,-0.23145467,-0.28965583,0.2093315,0.44798177,-0.05280108,-0.10764095,-0.28017956,-0.29870868,-0.14239527,-0.3419264,0.064667456,-0.16002989,-0.021850007,0.13540556,-0.17771901,0.024239749,0.041522674,-0.031563178,0.46398813,-0.13577561,-0.41316402,-0.30530283,-0.11846356,-0.10167587,0.030752767,0.00083152205,-0.14711963,0.18328576,0.18307641,0.20746921,0.16193193,0.039424356,0.0058533773,0.16309613,0.58593214,-0.056224313,0.029751696,-0.14931618,-0.037541375,0.26230898,0.0589678,0.038231075,1.7893698,0.14563593,-0.051058408,0.2334613,0.17674431,-0.20124611,-0.51731306,0.004810713,2.9042847,0.2980684,0.03280803,1.346277,-0.03125949,0
-0.0247867,0.060584888,0.21220118,0.23656231,0.6908107,0.28327328,0.6300208,0.22742195,-0.04451572,2.040022,0.036370993,0.0011044294,-0.4285372,0.06922069,-0.24306948,-0.078124434,0.07426431,-0.085754946,-0.12930298,0.02714978,-0.4101331,-0.04167706,0.31753626,-0.028882176,0.2616033,-0.28226805,0.24211007,0.23990138,0.3233771,0.032509554,0.1316111,0.19847386,0.030660212,0.026347071,-0.27921885,0.003117852,0.051452793,-0.024465559,-0.06185335,-0.16828333,0.13044058,0.27713674,0.51426035,0.026009269,-0.128506,-0.26752204,0.01640068,-0.052253034,0.15852848,-0.29258347,0.043134883,-0.43671265,-0.0047095167,-0.02088413,0.59572434,-0.16768146,-0.015203793,0.15883699,-0.045965,0.00010477193,-0.53637385,-0.2075113,-0.046453994,0.4028601,0.37891525,0.12821786,0.03546374,-0.3126255,-0.11584248,-0.05242265,-0.15848953,0.011000007,0.07145321,-0.074736044,-0.034313075,0.02882205,0.3126229,-0.306715,-0.04886359,0.005535543,2.4770432,-0.2385858,0.11898446,0.15434074,2.7337248,0.057104863,-0.22314464,0.116382904,0.049411524,-0.19629055,-0.00540467,-0.121739596,-0.25368476,-0.05348779,-0.13962084,0.12204145,0.08852133,-0.14986737,-0.8137263,0.04921356,-0.08688015,-0.055963404,0.15779868,-0.23530994,0.22696862,0.0071205497,-0.11050369,-0.1744409,-0.030591838,-0.14753559,-3.7022877,0.04695438,-0.053225704,-0.07198171,0.2065941,0.16294412,0.03443095,0.029242918,0.04126764,-0.57419896,0.12260412,0.08859674,-0.003142506,-0.028286353,-0.15915419,0.015370082,0.06288971,-0.12998977,0.19119094,0.24276373,-0.06038838,-0.10959703,-0.06435102,-0.28636447,0.13231725,-0.24564777,0.046749715,0.19200316,-0.105151296,0.008473638,0.046702065,0.09026991,-0.04729131,0.07339491,0.07334629,-0.1021216,-0.05531163,0.2418195,-0.09444333,-0.07148079,-0.16217056,0.09055646,0.050378196,0.08558853,0.29304236,0.20422424,0.11725243,0.26564926,0.12872025,-0.045708563,0.0024593845,0.27315584,0.15056807,0.101415575,0.12256837,0.27699053,0.062946,0.27373296,0.27140194,-0.118380554,-0.012846972,0.13577686,-0.06270583,0.074784145,-0.012573428,-0.13502496,-0.56230664,-0.16843766,-0.29596353,0.29177737,-0.167786,-0.48991695,-0.1382043,0.8055027,-0.44124502,0.17547,0.011346779,0.23757899,-0.042453315,-0.09514618,0.022960749,0.10024442,-0.00030318275,-0.047848985,-0.026478805,0.14093703,-0.023978718,0.07905712,-0.046050213,0.26153228,0.040801395,-1.241943,-0.05795625,-0.11785311,0.07411947,-0.20629251,-0.015512805,0.010472283,0.045052845,-0.059702396,0.16285378,0.07569991,-0.0628014,-0.11528071,0.10342573,-0.029732332,0.3278582,-0.027387984,0.00096157903,-0.11167836,0.44403103,0.42650512,0.17261735,0.009195738,-0.058863554,-0.073176995,0.39143342,0.14217657,0.23741564,0.1959512,-0.30366194,0.039039608,-0.4417963,0.041648734,0.061294034,-0.010588914,0.17838483,0.03839865,-0.08262685,0.11948209,-0.17457134,-0.09108932,-0.055764154,0.0025571277,0.0009367019,0.06417147,0.02469457,-0.32127595,-0.26640922,0.37499613,0.17236258,-0.16104588,-0.3458147,0.20578286,0.10946368,-0.20040767,0.26847017,-0.98276687,-0.0045248196,0.28981936,1.7612863,-0.41552573,-0.012567878,-0.8574245,0.5388021,0.64862484,-0.106802434,-0.056689892,-0.06949015,0.11076358,0.33633575,-0.062681995,0.07938263,0.0495742,-0.0827768,0.5688529,0.110396236,0.023468196,-0.13533159,-0.0964327,0.086410865,0.107498005,-0.22882763,-0.007639803,-0.30877566,0.14888039,-0.067513436,-0.18803865,0.194531,0.1621945,0.02955044,0.12915294,0.095112674,-0.20258956,-0.022040159,0.058115598,-0.13225962,0.20534915,0.008618049,0.019108636,0.094350524,-0.11762316,0.29813743,-0.46118757,0.015469156,0.02969807,-0.13455915,-0.041760184,0.19694333,-0.2567161,0.21152508,0.73726803,-0.08111443,0.07906015,0.06940846,-0.2901504,-0.4590251,-0.17829634,-0.07861336,0.2135166,-0.14231135,0.07974022,-0.08020587,0.009109046,0.2979923,0.3284957,-0.09882671,-0.019543655,0.28324616,0.03217859,-0.04864197,0.005148858,-0.14571616,0.2585069,0.4824253,-0.7079823,-0.022166327,0.0076447036,-0.18828957,-0.12523295,0.14843147,0.04342801,-0.10489437,-0.3523266,-0.109828256,-0.2042878,0.18485536,0.314929,-0.16933858,0.14429644,-0.14533915,0.5241335,0.067028835,0.19251694,0.60833377,-0.021754019,-0.084443994,-0.07195343,-0.13943347,0.13609919,0.019022811,-0.050687544,0.15006766,1.139559,0.103241384,0.062731445,0.08702835,-0.0009878529,0.26234064,-0.44195497,0.863401,0.0409068,-0.114590496,0.045869313,0.07195038,0.61340684,-0.07776675,-0.014425773,0.5633444,0.0027279872,0.021775795,0.08182302,-0.14138684,-0.2458976,-0.09658197,-0.009683266,0.54544556,0.070209295,0.0014879521,-0.10769597,-0.17215483,0.014820587,-0.3717627,0.042728685,0.15959397,0.071419835,0.0022084415,-0.39087024,-0.3778781,-0.28909457,0.0061319107,-0.051370654,-0.37137213,-0.29394495,0.24849235,-0.010477461,-0.09647477,-0.025042402,0.053671025,0.062415723,-0.14585927,-0.049262132,-0.3766349,2.530981,0.02986706,-0.15941772,-0.14991862,0.08840443,-0.094503865,0.6524184,-0.36779845,-0.06444654,0.057364658,0.008865736,-0.1375954,-0.0661716,-0.08804093,0.09592141,0.15537043,-0.10928005,0.1929686,-0.041073605,0.05203643,-0.12343143,0.3036513,0.07097145,0.22902739,0.08827374,0.012627751,0.05923731,0.3867096,-0.20435356,-0.35565865,-0.4515833,0.088444725,0.051687267,0.06961097,0.031155944,-0.089316286,0.11879516,0.07792157,-0.38199443,0.0026623085,-0.49215487,0.047546804,0.1118598,-0.11488782,-0.13279757,0.26829943,-0.14215761,-0.24036495,0.22630084,-0.22161089,0.334475,0.08422266,-0.119151115,0.11888052,0.11991556,-0.23109132,0.29337108,-0.5351316,-0.2656082,0.17638464,-0.10247412,0.1000881,0.34519905,0.102451764,-0.094031505,-0.12770274,0.11695072,-0.2240922,-0.032406084,-0.015137032,0.076835886,-0.07247676,-0.27719492,0.3685586,-0.6559705,0.16070788,-0.08150862,-0.0049195476,-0.0007042914,-0.0043745004,-0.026757635,-0.30451941,1.8249431,0.063621536,-0.29608214,-0.29252017,-0.2988344,-1.4610934,-0.19323868,-0.02334202,-0.26265657,-0.68277085,-0.19768064,-0.30329913,0.053560484,-0.13585249,0.25769162,-0.3612163,0.04627718,0.13209449,-0.5588517,0.14059895,0.057622135,-0.5957922,-0.116522826,0.9035286,0.1021317,-0.009649228,-0.39174914,-0.018092196,0.3530302,0.003458783,-0.12354338,0.17600462,0.18691733,-0.3325242,-0.013861157,0.09863875,-0.08425588,-0.016374024,0.096043706,0.1901023,0.1817278,0.05818404,0.027311374,0.15005048,-0.053691607,-0.058592975,-0.033446725,0.17332673,-0.19520617,-0.049622927,0.20455419,-0.063785896,-0.32492262,-0.010773886,0.13670202,-0.078012526,-0.03767117,0.083193794,-0.05408112,-0.0094685,0.100134656,-0.00046422658,0.07150361,0.001442615,0.05799985,-0.6631992,-0.034895405,-0.026258685,-0.03275753,0.01779421,0.015018053,-0.022117842,0.3528564,0.093304954,0.14913905,-0.45569998,-0.24229425,-2.6802356,7.8532845e-05,0.4758662,-0.7271965,0.22962186,0.16168723,-0.09603957,0.11728266,0.12737836,0.022757262,0.20437601,0.09658391,0.2476705,0.2618652,0.16501169,-0.33353508,-0.076082915,0.08633722,-0.19069836,-0.20972607,0.36445132,-0.0003200397,-0.40888536,-0.0313479,0.10641062,0.6686171,0.15892121,0.5333407,-0.08966696,0.0024015263,0.010470793,-0.17082267,-0.17459103,-0.10348144,-0.08269031,-0.064486854,-0.077372216,0.22872062,-0.2480597,0.13218914,-0.06384206,0.14322281,-0.14330617,0.295722,-0.015100663,0.24962728,-0.44500166,0.21430092,0.009634802,-0.056903444,-0.017927207,-0.22279742,-0.10890791,-0.1330369,0.093069136,1.1145473,-0.0043174326,-0.07519409,0.0070693353,-0.076143816,-0.16443968,0.45477402,-0.3549974,0.7134012,0.012873603,0.029919164,-0.15296933,0.5381889,-0.06783447,0.10734583,-0.014793109,0.058095984,0.037054494,-0.19925714,0.22754455,0.6911538,-0.092694856,-0.027835436,-0.007667836,-1.1976286,-0.1432451,-0.0811778,-0.0057737604,0.026384905,0.36208826,0.023047606,0.13091528,-0.013950944,1.1418903,-0.33079138,1.6077344,-0.33191177,-0.018904096,-0.6909472,0.14041825,0.018998284,-0.09345284,-0.00043648417,-0.33743072,-0.086524986,0.04758568,-0.18563539,0.24578258,0.1663037,0.06589677,-0.077448055,-0.040412698,-0.02588939,-0.07173152,0.47869873,1.6334686,-0.032211307,0.655272,-0.15462755,-0.25347304,-0.111647174,0.13119575,-0.06063799,-0.046039112,0.11509037,-0.19233456,0.0813885,0.25130558,-0.11843225,-1.886773,4.7097197e-05,0.07417445,-0.7260591,-0.20589262,0.5441539,0.26839504,0.4086124,0.15178844,0.21507245,0.10561316,-0.17461957,0.13150676,0.23301001,-0.0012623221,-2.0161271e-05,0.03274536,-0.03040336,0.49606457,0.05601029,0.08052294,0.49289513,0.13360006,-0.100305125,-0.054904766,0.17100391,0.23955661,0.0016734228,0.37720615,-0.016742855,-0.053322583,-0.05268625,0.10119577,-0.015213419,0.5565025,0.07583334,0.018108748,0.14349793,0.013809487,-0.014621795,-0.06252635,0.18829598,0.11425298,-0.0126038715,0.008763224,0.1521573,0.04638371,-0.63211226,0.40568542,0.24676284,0.077524364,0.053891003,0.033780716,-0.08640292,0.02606289,0.19974697,-0.1303433,0.0055907965,0.2365453,-0.22858661,0.15981165,0.12394716,0.36073616,-0.108912945,0.30535,-0.28105748,-0.117608234,-0.001537729,-0.21862397,0.17791869,-0.24370994,-0.13524964,-0.06892981,-0.15201929,-0.79457945,-0.09875265,0.03438157,-0.507966,1.0463109,0.32466027,-0.08670239,1.0983326,-0.15219292,-0.7935411,0.20836487,0.26590925,0.58751726,0.22404043,0.3276301,0.2166415,0.032633487,0.09532817,-0.037131153,0.015871335,0.101126015,0.19838303,0.05272875,0.088282585,-0.070971236,0.25679412,-0.048001684,-0.021355022,0.15532951,0.13140008,-0.07365644,0.1771287,0.08534081,0.029928993,0.49929202,0.93013215,-0.18871431,0.025626272,0.04237378,-0.08250025,-2.298962,-0.08450295,-0.10796502,-0.24620686,-0.047772903,-0.12060683,-0.094151884,0.23954707,0.3001012,0.15088165,0.07870267,-0.009191763,-0.14597689,-0.0039673187,-0.00427901,0.31124383,0.03164109,-0.21300545,-0.12533057,-0.068563074,0.23757972,-0.2859453,-0.39793524,-0.050834246,0.038352676,-0.0362166,-0.020165138,-0.10243312,-0.02467376,-0.34212863,-0.44337556,0.10622632,0.017316815,-0.10231188,-0.06143932,-0.010829389,0.2770739,0.15970545,-0.06591578,-0.1412007,0.22240305,0.08149668,-0.028452951,-0.055761375,-0.13318868,0.4007923,0.10872063,0.38989007,-0.030038618,-0.101701565,0.15194315,0.48456421,-0.15839261,-7.9276156,-0.01836703,-0.09110906,-0.3402893,0.12024989,-0.34614962,-0.12335465,-0.09388517,-0.5852523,0.0042925924,0.03874724,-0.17667167,-0.030140072,0.24234377,0.01936366,-0.15682685,0.09653639,0.22518656,-0.078613885,-0.061600223,0.15769616,0.27508587,0.12476803,0.47550812,0.15347551,0.3129738,0.044714026,0.02161267,-0.1730971,0.23566544,-0.060005978,-0.56940293,0.04601264,0.056320824,0.41832283,0.43966606,0.081911,0.21296065,-0.017871436,-0.2623814,-0.01734738,-0.011263788,-0.01079876,0.24086988,0.007265225,-0.20659605,0.07750519,0.15057077,-0.114421636,-0.07963835,0.038230095,-0.3842739,0.2027041,0.042602606,-0.10720049,0.70221364,0.14129682,0.26296967,-0.08144055,0.21250053,-0.011639461,0.34364018,0.15180898,-0.048570916,-2.0221841,0.36112386,0.02864604,-0.06831297,0.1307775,0.07667566,-0.05471512,0.08553894,-0.124781884,-0.1267591,0.10487898,-0.9408429,-0.7159904,0.01495491,-0.15438262,0.008665018,-0.09407322,0.06951539,0.7355708,-0.088824645,0.02560241,-0.15706824,-0.1271219,0.00829047,-0.02476393,0.043477863,-0.04328882,-0.44254774,0.18106447,-0.21518862,-0.16367719,0.069449216,0.07417276,0.054633826,-0.16401711,0.060610566,0.17766152,-0.08801886,-0.017008482,-0.16186875,-0.055915378,0.52202237,-0.20374255,-0.26660556,0.1408138,0.40134317,-0.017428525,-0.05776459,-0.25855428,-0.20116985,-0.21580562,-0.43804783,0.062429097,-0.14747965,-0.040642902,0.17173018,-0.2342676,0.01748132,0.08510832,0.06447953,0.3823106,-0.14557707,-0.42424423,-0.26521987,-0.054899678,-0.14790574,0.06798902,0.021526452,-0.1139193,0.14951435,0.19683518,0.1736387,0.1988047,0.04001798,-0.026744734,0.1469688,0.56713367,-0.06842071,-0.09217611,-0.12131737,-0.0708194,0.36538684,0.055435747,0.08911008,1.6261894,0.07798852,-0.078417465,0.21072121,0.20212011,-0.15410405,-0.3530009,0.025748493,2.4088323,0.22450057,0.017543837,1.4821926,-0.075988494,1
-0.032470793,-0.0018252544,0.22698711,0.2864253,0.42136168,0.3540737,0.5725626,0.21416615,-0.036051013,2.0988362,-0.0044390336,-0.03355193,-0.4220648,0.08323524,-0.03830143,-0.06092858,0.14591461,-0.061308563,-0.003020022,0.027037954,-0.042926896,-0.1082185,0.30629212,-0.098524585,0.19269006,-0.15512022,0.3036617,0.16660713,0.35999236,0.016224261,0.20548868,0.16148056,0.028279454,0.06160421,-0.2563981,-0.021838106,0.0901749,-0.055560596,-0.024907062,-0.14320607,-0.027328715,0.3735151,0.38118902,0.07953987,-0.03677565,-0.18122667,-0.017944232,-0.12046398,0.12409003,-0.31683236,0.11273599,-0.31187898,0.035237532,-0.036658734,0.55831945,-0.121763736,0.0045979507,0.15526865,-0.042894978,-0.07359171,-0.36213928,-0.19452412,-0.014838269,0.32850534,0.40834922,0.1920937,0.14053191,-0.2741644,-0.0689114,-0.07077873,-0.111260325,0.05230646,-0.088600606,-0.0472243,-0.044303034,0.040335424,0.20369771,-0.3181144,0.066962,0.047027536,2.1319654,-0.27262285,0.116911076,0.20881645,2.417728,0.13485223,-0.1412676,0.10769045,0.08146954,-0.30959585,0.03566166,-0.056745544,-0.14940794,-0.040446743,0.028857999,0.12320944,0.14270094,-0.20725252,-0.7281438,-0.03694197,-0.08909753,-0.033396073,0.12967013,-0.33630314,0.35511625,0.227153,-0.17125693,-0.23057687,-0.0034750444,-0.117672384,-4.194508,-0.08037391,0.059715457,-0.0046434216,0.23920494,0.18096924,0.0698111,-0.074400276,0.053518593,-0.48376322,0.0934832,0.15959898,0.004011791,0.04734417,-0.18931112,0.080219746,0.06861289,-0.08622818,0.20322481,0.2694457,-0.05763886,-0.14639705,-0.0632935,-0.38966906,0.16888973,-0.24804983,0.038511597,0.18503612,-0.13749018,-0.029740477,0.011937684,0.08879311,-0.049117208,0.12106201,0.312791,-0.054390855,0.0043351995,0.12116701,-0.087341025,-0.049388684,-0.29788154,0.09672179,0.037474472,0.007848524,0.21324524,0.11778238,0.10553701,0.14707388,0.095738664,0.10884853,0.03717386,0.25837117,0.21271315,0.08303594,0.07124415,0.20917684,0.12453613,0.25537756,0.29036298,-0.12882343,0.016953956,0.13095954,0.0049459217,0.106373236,-0.19814396,-0.08333372,-0.6230078,-0.10373767,-0.27813274,0.32358646,-0.0905083,-0.2704645,-0.16428906,0.8256942,-0.38180295,0.27248123,-0.023793371,0.1494449,-0.049396142,-0.09324372,-0.022756517,0.06561184,-0.019328982,-0.075461715,0.08294653,0.19617432,-0.10467327,0.081993416,0.09023583,0.25101924,0.039968193,-1.1924458,-0.08667617,-0.1164173,0.05977557,-0.07485667,-0.04221973,-0.044333756,0.05953756,-0.1533646,0.11958443,0.11232581,-0.024541557,-0.13080853,0.20214981,0.008777946,0.3395292,-0.014502391,0.0008932857,-0.09800012,0.4211316,0.3830878,0.06478596,-0.04718044,-0.06566304,-0.045509517,0.24079806,0.15628603,0.22594818,0.22217265,-0.29618752,0.0660207,-0.53639,0.038894996,0.01059583,-0.12932527,0.084783554,0.07621603,-0.26290613,0.14275658,-0.34580433,-0.04130697,-0.014188323,0.0022808248,-0.013573032,-0.030742854,-0.032372177,-0.19692373,-0.28781518,0.3499611,0.17120525,-0.16576064,-0.3574532,0.2069232,0.07236968,-0.19412884,0.27385223,-1.1520728,0.058260575,0.27743956,1.6014175,-0.317216,-0.060926408,-0.5904134,0.72455925,0.61225975,-0.25709328,-0.14754295,-0.115461566,0.08568901,0.23160659,-0.0492244,0.10572505,-0.031142246,-0.10358758,0.60309196,0.1295747,0.07762209,-0.1295179,-0.039910845,0.25006852,0.08436743,-0.14669122,-0.03550708,-0.39825416,0.13781555,-0.07253523,-0.16396616,0.22013278,0.12626866,0.028527455,0.10705036,0.04812199,-0.11345187,-0.015941005,0.06460595,-0.12300412,0.05139777,-0.10486734,0.08729019,0.0086937845,-0.073629215,0.2318174,-0.35475567,-0.00450778,0.08768442,-0.09001739,-0.10932574,0.1958637,-0.21723457,0.25644857,0.6932033,-0.016832203,0.16754344,0.07223165,-0.34990147,-0.53730243,-0.24505591,-0.08073616,0.19310424,-0.119989164,0.14528582,-0.0710693,0.016180027,0.39041525,0.24793613,-0.02296193,-0.11429271,0.15005074,-0.18736053,-0.07108195,0.06027644,-0.14197242,0.22593746,0.48790243,-0.55092716,0.07161747,0.0023781713,-0.4755456,-0.11796081,0.103799194,0.038227558,-0.039394043,-0.392885,-0.13930479,-0.07313509,0.19652183,0.083942674,-0.06252666,-0.014229028,-0.19447374,0.38531202,0.043582886,0.15376854,0.54325503,0.026275236,-0.029725054,-0.020441443,-0.17219804,0.17117502,-0.0051351916,-0.079326615,0.1476343,1.0953677,0.07043968,0.02794221,0.05297137,0.0011657048,0.22305591,-0.5643904,0.92383265,0.045593716,-0.22413556,0.14413661,0.07547659,0.49966636,0.0947127,-0.012797531,0.65600705,0.0026949584,-0.04316315,0.03978366,-0.11957755,-0.24030367,-0.1473616,0.030752968,0.449341,0.12492299,0.00154645,-0.18912634,-0.3035859,0.093579456,-0.3501107,-0.02659937,0.14232433,0.10818997,0.02618809,-0.3584786,-0.36826712,-0.22364248,0.09392606,0.01176301,-0.43947855,-0.36336017,0.17145017,-0.011524342,-0.19761346,-0.12931272,0.20743078,0.0101474,-0.23665047,-0.14318675,-0.34052983,2.458424,0.03295885,-0.23037642,-0.19320433,0.08503541,-0.019690678,0.7654779,-0.4409559,-0.042066317,0.041936867,-0.01465714,-0.09229554,-0.08864823,-0.06382559,0.11916164,0.17288701,-0.059743613,0.15054646,0.0052894503,-0.037469402,-0.120315954,0.23729567,0.09039528,0.08000207,0.06304583,-0.42245632,-0.04556521,0.39873576,-0.090813965,-0.41660178,-0.34291336,0.11190252,0.2867205,0.1472715,-0.06312503,-0.010811754,0.18078578,0.039276384,-0.2408288,0.017259412,-0.5443858,0.04754157,0.01763308,-0.13847208,-0.1243777,0.20782107,0.04039038,-0.29133707,0.2734539,-0.086914614,0.17838693,0.073654905,-0.13880573,0.1187554,0.18449618,-0.123015404,0.26300707,-0.44758713,-0.3207013,0.28916797,-0.076004595,0.073377624,0.43230495,0.14227547,-0.022087567,-0.13283034,-0.022816993,-0.13935459,-0.17407325,0.009276258,0.13247451,-0.0569406,-0.12604618,0.49437016,-0.5065846,0.1556936,-0.017901875,-0.0010231223,-0.0006784827,0.09759058,-0.044004798,-0.36128962,1.6109028,0.016018994,-0.121556714,-0.2870523,-0.4452346,-1.4209807,-0.27952108,-0.10507926,-0.38655263,-0.83323616,-0.11772226,-0.2947376,0.020743474,-0.22448173,0.25950646,-0.38224512,-0.09174491,0.112029016,-0.5989655,0.13630082,0.069081455,-0.546635,-0.076372944,0.7379763,-0.03051097,-0.018278573,-0.32573736,-0.023318306,0.1442016,0.10535932,-0.1039717,0.09064103,0.22979389,-0.37091413,-0.016591493,0.12646635,-0.064768955,-0.046016954,0.14985448,0.10618359,0.17577976,0.019364063,0.0628044,0.1328135,-0.03822628,-0.019286871,-0.06578897,0.18474808,-0.092034504,-0.04731096,0.13743697,-0.012424273,-0.30238554,-0.023173299,0.00984963,-0.05510965,-0.089295566,0.06300575,-0.08809716,-0.00080960244,0.029156793,-0.00059074373,0.05503948,-0.010307701,0.18603063,-0.30652225,0.0035270937,0.013555344,-0.064367,0.068012,0.06123631,-0.025892386,0.32466847,0.07839602,0.15457729,-0.35724348,-0.19679537,-2.953947,9.027083e-05,0.46799365,-0.5901504,0.053063605,0.38254613,0.0015028715,0.08765239,0.06886271,-0.009179071,0.15326351,0.20269604,-0.0066298246,0.2335747,0.19013132,-0.24315134,-0.107871085,-0.02041293,-0.19848436,-0.2602255,0.3886093,-0.014976691,-0.43244532,-0.021496907,0.08424844,0.6394491,0.08847761,0.6931859,-0.079751424,0.0023287686,0.08327013,-0.07003635,-0.068826735,-0.0548237,-0.121453,-0.007116992,0.11025748,0.21464874,-0.24450806,0.20567678,-0.02044475,0.15954004,-0.22462994,0.264055,-0.020333199,0.13255662,-0.40879482,0.18942519,0.002353916,-0.06642917,-0.14863065,-0.2088931,-0.017594256,-0.09259163,0.13648848,1.5391023,-0.04020971,-0.1720106,-0.024276998,-0.09583532,-0.15377566,0.2827157,-0.33172694,0.72033626,-0.0036683073,0.090147644,-0.24338919,0.38842052,-0.18395177,0.076183185,-0.0343275,0.10828487,0.019929156,-0.22286199,0.21148574,0.47617763,-0.090259045,-0.054121636,-0.0024845302,-0.9072077,-0.24391568,-0.09628205,-0.08509102,0.042713534,0.41614392,0.060991947,-0.009200223,-0.08539996,1.1791644,-0.333816,1.583246,-0.13539743,0.017557573,-0.4899459,0.041220166,-0.015739901,-0.13601457,-0.00040450838,-0.33027297,-0.048724107,-0.006897579,-0.22354323,0.2602825,0.18945703,0.14719565,-0.15558352,-0.056438334,-0.099667884,-0.06063945,0.41488484,1.5843202,-0.061896306,0.69641334,-0.05275882,0.01701855,-0.16961539,0.18454206,-0.06359284,-0.15738158,0.15314892,0.040106863,0.13030836,0.18595277,-0.17971055,-2.5059795,5.04223e-05,0.084116325,-0.41953874,-0.23082435,0.105905436,0.31044766,0.43933168,0.07571387,0.2292636,0.08367019,-0.153098,0.06271947,0.18925533,0.0865407,-0.06624862,0.11678881,0.009116624,0.41182587,0.034044567,0.058837455,0.38465613,0.119292185,0.040174633,-0.064616084,0.3020986,0.19495064,0.03983031,0.46225137,0.036492057,-0.01231459,0.025196722,0.11304476,-0.042794842,0.74735624,0.11152814,-0.0027991505,0.054280832,-0.09451476,0.0027726628,-0.061197214,0.15330288,0.05328981,0.06897434,0.045776084,0.13931715,0.02191338,-0.6593708,0.35364968,0.17919284,0.07375259,0.06688134,0.091186166,-0.10310971,0.015752733,0.06516232,-0.200509,-0.018759906,0.13357611,-0.17347981,0.15435414,0.34808773,0.32092232,0.47311687,0.26692477,-0.33873558,-0.1983238,-0.02713431,-0.24081272,0.19320837,-0.25666374,0.007589072,-0.030500397,-0.12954795,-0.7382536,0.19747078,-0.007962763,-0.7048547,0.9617336,0.40097654,-0.017434854,1.0238913,-0.25255108,-0.81715524,0.25565988,0.21775123,0.8558644,0.28262028,0.22287314,0.27811188,0.03861788,0.07213866,0.0060665533,0.014881339,0.04650885,0.0929015,0.09318238,0.0793729,-0.03025904,0.12616467,-0.14913346,0.0009547735,0.16071258,0.06342156,-0.032375768,0.105073154,-0.0031948583,0.018310174,0.43208814,0.97110754,-0.14982249,0.26299974,0.036900107,-0.07640418,-3.0023427,-0.035213977,0.70315456,-0.008204266,-0.08271937,-0.09873997,-0.14266361,0.21839583,0.2106066,0.2324515,0.038006812,-0.04978271,-0.0099669825,0.032421295,-0.0027110428,0.23939694,0.03750781,-0.1229445,-0.2036447,-0.039992858,0.21124442,-0.15784581,-0.33955663,0.1029128,-0.032304585,-0.09042809,0.12645918,-0.08399116,-0.01125779,-0.44715896,-0.49494675,0.055762723,0.055685777,-0.11468256,-0.07666094,-0.06950965,0.29496932,0.06641182,-0.021624286,-0.14795737,0.2733111,0.057918787,0.019908585,0.11554494,-0.11064127,0.39829448,-0.006794855,0.3829206,-0.011332348,-0.12709498,0.11342994,0.6094635,-0.10246806,-8.617521,0.0038428307,-0.08815877,-0.38892913,0.11546301,-0.19092491,-0.20356253,-0.09108594,-0.55480564,-0.01272542,-0.0014284551,-0.24871258,-0.15303141,0.17482467,0.025071956,0.059645124,0.061203666,0.21998918,-0.09630691,-0.029286608,0.16806631,0.28711832,0.121785,0.30176687,-0.13988918,0.22695756,0.015172087,0.03801366,-0.22660635,0.1757468,-0.085414894,-0.35234421,0.23080845,0.04288795,0.36476576,0.26526624,0.080826856,0.06986968,0.06514092,-0.2936901,0.051006243,-7.478148e-05,-0.021363936,0.20958145,-0.058219537,-0.15242788,0.091505855,0.1640724,-0.10324163,-0.13868165,0.065390214,-0.32699057,0.22646622,0.07189058,-0.013356447,0.60883224,0.034569576,0.26177284,-0.056698695,0.13685185,0.0029947013,0.30472782,0.13418207,-0.041531775,-2.0116274,0.32954407,-0.03772075,-0.03518113,0.13481136,0.07201997,-0.032290574,0.15800686,-0.067845635,-0.24242742,0.1002934,-0.47217017,-0.7829336,-0.07782303,-0.19565102,0.008704634,-0.06054047,0.12610367,0.73656654,0.0044063777,0.09078896,-0.24714582,-0.14487971,0.08864329,0.022881575,0.054343566,-0.08486843,-0.45916498,0.059448067,-0.16362412,-0.19840896,0.04725109,0.113417916,0.045850534,-0.11241639,-0.18495353,0.14836153,-0.08352904,0.046120584,-0.1661748,-0.045293335,0.4943973,-0.31401238,-0.13730475,0.12743416,0.3563909,-0.06511378,-0.005179584,-0.25892583,-0.22551274,-0.22167191,-0.38346654,0.15341583,-0.15091354,-0.01995417,0.25602925,-0.3404714,0.011068428,0.1216799,-0.19453812,0.50868225,-0.12445916,-0.4821651,-0.2698746,-0.0712716,-0.07798835,0.07067309,-0.013070397,-0.12267541,0.12727676,0.06953474,0.13499254,0.15978199,0.06752446,-0.022845414,0.15893444,0.55235344,-0.11639262,0.19092847,-0.16793258,-0.066686496,0.14840123,0.108538084,-0.017305464,1.6920695,0.18792501,-0.018978633,0.342954,0.15823258,-0.107486054,-0.3890146,0.0054962784,2.4541867,0.2946164,0.062620044,1.2887862,-0.012871705,1
-0.012890797,-0.0056582466,0.24571946,0.24220878,0.36216807,0.2979527,0.47609204,0.15329413,0.03833208,1.7771318,-0.026817553,-0.03994501,-0.29682067,0.068426736,0.55737907,-0.018638857,0.14069352,-0.0536749,0.067401834,0.04392172,0.13912983,-0.10562634,0.2689525,-0.22674504,0.25031713,-0.16614161,0.49148148,0.10468772,0.43150845,-0.008373216,0.070091754,0.12935035,0.09758456,0.059718188,-0.2310621,-0.007843599,0.15536909,-0.06346041,-0.016167969,-0.111020245,0.23972154,0.3010634,0.18940635,0.121595316,-0.053629056,-0.22818136,-0.0036915764,-0.22249117,0.21460563,-0.48338252,0.016054101,-0.4145353,0.10513422,-0.03610272,0.49896696,-0.114003085,-0.023474082,-0.043225676,0.05094267,-0.11222267,-0.5478831,-0.17565817,-0.1227877,0.39280868,0.44314152,0.1361934,0.018923238,-0.38228968,-0.027158383,-0.04369945,-0.2205684,0.11476819,0.13820566,-0.05729688,0.029062519,0.013633298,0.17395863,-0.2710931,0.06972112,0.2434124,2.332068,-0.3521848,0.13698344,0.24436083,2.507027,0.17400336,-0.14152601,0.09080531,0.0914559,-0.471596,0.03755994,0.07326218,-0.1274589,-0.036308035,0.04639855,0.10618317,0.081501186,-0.226326,-0.7952649,-0.03522163,-0.08142109,0.012380501,0.18915044,-0.23891276,0.33717665,-0.043795466,-0.1339206,0.008417965,-0.019516895,-0.10880639,-3.7834558,-0.04073088,0.10366909,0.012964945,0.354391,0.14483158,0.0024610758,-0.04502031,0.018942825,-0.4747942,0.020065747,0.17778295,-0.0013509169,0.03650055,-0.16899607,0.07331618,0.068333976,-0.1333963,0.25209504,0.31912428,-0.10806877,-0.044555314,-0.12414739,-0.06099613,0.19572827,-0.28347534,-0.008931521,0.35968196,-0.11764526,-0.027985118,0.0411315,0.0070617497,-0.109689385,0.29644877,0.3189095,-0.10445846,0.023939433,0.051170975,-0.14263336,-0.019310527,-0.22230767,0.12001158,0.0023402292,0.0442297,0.24542843,0.04665508,0.10813248,0.10913101,0.04417245,0.05277016,-0.0047799703,0.24855669,0.05241982,0.047321655,0.11153327,0.22531559,-0.0004127659,0.24739921,0.32843035,-0.12157874,0.04822267,0.11861133,-0.122854814,0.12811717,-0.37285694,0.02219166,-0.54916453,-0.18366596,-0.3319527,0.30096096,0.24879903,-0.18145081,-0.12895848,0.9589129,-0.30269992,0.4477336,-0.029026099,0.16774243,-0.049430512,-0.02907725,0.033961423,0.007827461,0.015324492,0.0053523267,0.08572101,0.09756154,-0.12709795,0.072873145,0.10239376,0.25116086,0.05396334,-0.9195385,-0.06720923,-0.07328109,0.06694827,-0.09187138,-0.03353968,-0.022910446,0.12085347,-0.21546169,0.13489681,0.13435227,0.03175341,-0.12924698,0.123924345,-0.010290798,0.33935592,-0.0047932044,0.0008271993,-0.08990669,0.21518146,0.3603835,0.10715134,-0.113673516,-0.071512654,-0.052728407,0.522629,0.10040172,0.2899912,0.25343096,-0.07110788,0.082147695,-0.3838181,0.049426883,0.030517636,-0.09887722,-0.0075923055,0.112876244,-0.6714683,0.17037165,-0.2804123,-0.047694724,-0.035975914,0.002820678,0.013574256,0.0051179454,-0.03315334,-0.34618208,-0.21205793,0.29081357,0.18800318,-0.099522635,-0.02375441,0.16033526,0.13744667,-0.07477331,0.32416636,-0.2867528,-0.0074245036,0.22993146,0.9059888,-0.19740224,0.54209375,-0.99813545,0.52213734,0.59805864,-0.53177065,-0.17860687,-0.073204204,0.086937666,0.22821218,-0.10234816,0.112376034,-0.0016581761,-0.2805647,0.17146611,0.14628258,0.15527624,-0.16629608,-0.051423833,0.19599272,0.06733503,-0.19504853,-0.20749968,-0.40095615,0.19399121,0.07181323,-0.24056593,0.41692653,0.15036462,0.027782466,0.0699136,0.012113761,-0.010912016,0.00925351,0.06300493,-0.15791966,0.11538193,0.02397579,0.13697815,-0.037006065,-0.1563881,0.10155998,-0.36541438,-0.11005352,0.092920035,-0.23566666,-0.06668289,0.24129689,-0.22188003,0.31164813,0.42928094,0.008447308,0.14680535,0.04684015,-0.35719946,-0.49898115,-0.41995168,-0.15500894,0.10796143,-0.080383584,0.1793274,-0.0791611,0.019002888,0.7485809,0.27716807,0.027923774,-0.068594284,0.18070896,-0.104794405,0.009700371,-0.030239046,-0.19573414,0.07802789,0.38171795,-0.27848947,0.0746688,0.10141439,-0.30053204,-0.1624618,0.081343174,0.039478347,-0.07597161,-0.47785395,-0.14421332,-0.100782864,0.19350514,0.2090872,-0.041394286,0.09125279,-0.17731309,0.528834,0.08297636,0.12552966,0.61220306,-0.037088446,-0.07046352,0.030078985,-0.2052064,0.113109365,0.0077664554,-0.07381304,0.11129491,0.28342086,0.032073103,0.03905899,0.035392288,-0.036231358,0.15428606,-0.6733242,0.9345081,0.05217013,-0.025251351,0.23932871,0.10749815,0.5919008,0.1539925,-0.048251845,0.59846586,0.002708744,-0.022173693,0.043272495,-0.09372616,-0.23848352,-0.094018236,0.0650071,0.35930204,0.14506477,0.0014686129,-0.1944752,-0.3377428,0.19190468,-0.29847598,0.041912396,0.14126761,0.071024984,-0.025162872,-0.3548262,-0.794473,-0.2663254,0.026496189,-0.01974503,-0.39646864,-0.25739655,0.13898104,-0.014542393,-0.117762715,0.027643852,0.1695745,0.031414878,-0.19073361,-0.14904028,-0.3311078,2.4700265,-0.0076409355,-0.17425202,-0.14227434,0.0915645,-0.08639373,0.37264174,-0.5185018,-0.04791565,0.034274,0.0008984767,0.1501793,0.15933006,-0.038337383,0.10016294,0.26085305,0.232047,0.1539767,-0.11714634,-0.029078364,-0.122399315,0.32033148,0.056655638,0.057130486,0.06711297,-0.66270983,0.07303493,0.33112705,-0.14906082,-0.38536656,-0.5258408,0.090386406,0.15504329,0.04753039,0.0012640357,-0.001078181,-0.17506361,0.05327868,-0.40465945,0.16993588,0.054817528,-0.014605947,-0.15629035,-0.08100523,-0.06309475,0.34408057,-0.052798446,-0.22916302,0.25894785,0.055978257,0.21858639,0.06804733,-0.07675646,0.13637218,0.09089259,-0.18249431,0.2966276,-0.47621346,-0.3285163,0.19780433,-0.12295012,0.065164626,0.36561176,-0.011914358,-0.050014503,-0.09249814,0.10510203,-0.11146183,-0.17839521,-0.02711697,0.27863604,0.015720032,0.03277088,0.4639064,-0.4008499,0.1344383,-0.0762963,-0.02565342,-0.0006680704,-0.003650654,-0.061908573,-0.37490404,1.6213957,-0.09548234,-0.3380087,-0.17294812,-0.706354,-1.11758,-0.2722605,-0.06210444,-0.3803562,-1.1039704,-0.3904069,-0.21100971,-0.019439206,-0.026024224,0.44614786,-0.4451537,-0.18414009,0.042737834,-0.71677715,0.118892945,0.06627077,-0.8140097,-0.11129858,0.9938535,0.030997716,-0.06365472,-0.06412315,-0.01979853,0.030751526,0.16894741,-0.090745054,0.064097464,0.21540013,-0.5219541,-0.013076022,0.12518388,-0.094576254,-0.118043944,0.14818653,0.15892336,0.12659118,0.07965948,0.070479296,0.1132085,-0.046215452,-0.061106887,-0.18692473,0.11857277,-0.2737067,-0.03732028,0.16273054,0.0033691376,-0.28973576,0.048272043,-0.22177699,-0.12150433,-0.15986976,0.029829118,-0.08060253,0.0028102603,0.10502915,-0.0007229611,0.020433236,0.038540162,0.26463604,-0.60032225,0.0044337176,-0.005342521,-0.058398902,0.07477267,-0.027303264,-0.06212069,0.36300606,0.092512116,0.2576719,-0.30767485,-0.20477307,-2.8186588,8.7358436e-05,0.17901848,-0.49115467,0.08459423,0.20887436,0.084535465,0.15090185,0.13640815,0.11941509,0.14285421,0.13100915,0.8556776,0.30111343,0.19445343,-0.29511547,0.008955296,0.116816215,-0.1757592,-0.14078438,0.39568913,-0.045463398,-0.3849585,-0.115046084,0.037340328,0.34354472,0.0841973,0.95375097,-0.11449013,0.002178679,0.12115623,0.03383798,-0.1853069,-0.03019519,-0.13042283,0.024780527,0.14671662,0.18528429,-0.2669221,0.096674904,-0.15071726,0.2786261,-0.20561975,0.3270888,0.0037502274,0.09350073,-0.29953498,0.1630067,0.0017938949,-0.112916574,-0.082162894,-0.16740233,0.012735393,-0.004574065,0.14737019,1.8144993,0.047988575,-0.19730005,-0.00059287995,-0.063132256,-0.11282816,0.18211824,-0.49528846,0.43346336,-0.1466684,0.02625429,-0.22368057,0.29423195,-0.24967378,0.053423714,-0.05104554,0.15842201,0.044631988,-0.19265337,0.14885664,0.80867314,-0.058085393,-0.06858076,-0.07114086,-0.99113166,0.030914515,-0.123316206,-0.093976066,-0.08668661,0.5534585,-0.05769918,-0.0038291141,-0.033319343,0.99330366,-0.23714617,1.5053093,0.06146325,-0.0044075437,-0.17010388,-0.004048968,-0.018645706,-0.27584088,-0.00039084695,-0.21819508,0.05758576,0.012435589,-0.18870835,0.26453966,0.14284517,0.12607795,-0.37212706,-0.11145023,-0.08726716,-0.04359514,0.13542768,1.1657468,0.020454392,0.91060233,-0.065485895,0.093975514,-0.06722174,0.32819778,-0.0151100345,-0.1034185,0.13782613,0.15908056,0.09383607,0.21102804,-0.16402484,-2.237726,4.8447855e-05,0.08522341,-0.31482667,-0.31252024,0.43957078,0.34502885,0.20417264,0.06294566,0.15698066,0.12897919,-0.1460863,-0.052429985,0.2499457,0.057106335,-0.031651333,0.14776093,0.1364606,0.32061738,0.010242475,0.08731138,0.2583986,0.23804232,0.004685249,-0.064464845,0.23017061,0.123704456,0.07472403,0.5756626,-0.09184942,0.016139401,-0.00028273463,0.13675907,0.047585025,0.7812689,-0.042908505,0.027679749,0.093205616,0.7991687,0.009192649,-0.17338276,0.08898448,0.04795782,0.11414346,0.003984332,0.06109894,-0.10327904,-0.78404534,0.24828504,0.19754288,0.050144695,0.070854045,0.0216792,-0.12817007,0.0155714415,0.016205356,-0.10327701,-0.0020360574,0.10241688,-0.18532695,0.21336046,0.22160724,0.27032137,0.13428125,0.31648082,-0.25424457,-0.2658968,-0.0053406805,-0.26297173,0.13947423,0.10387689,0.06599826,-0.045854367,-0.069475204,-1.3214123,0.29188365,0.004128158,-0.51839256,0.45943382,0.504317,0.09280694,0.899282,-0.19607008,-0.860857,0.44676667,0.26583502,0.6128711,0.27138728,0.31587118,0.38690633,0.03218768,-0.0063355453,-0.04776573,0.10365246,0.15059176,0.10681177,0.13104616,0.10745828,-0.09250672,0.22463137,0.13260747,0.033445586,0.22636531,-0.23195957,-0.024504863,0.101830125,0.04365823,-0.031911276,0.41322398,0.64668965,-0.15439066,0.25167805,0.040007852,-0.23173092,-3.3070126,-0.09810507,0.37749785,-0.09909185,-0.07275685,-0.1204458,-0.16051278,0.18076298,0.19441983,0.2329078,0.10868971,0.016217275,-0.19211204,0.09225389,-0.0044762865,0.13242085,0.08860378,-0.08098428,-0.26901144,-0.094053596,0.30253744,-0.25870568,-0.2415987,0.072505906,0.031943914,-0.07851304,0.078504845,0.0033031912,0.07423878,-0.41013476,-0.4370315,0.27852994,0.10657214,-0.123175204,-0.086554535,-0.16720158,0.33227396,0.10724947,0.0077793654,-0.098007046,0.22558549,0.019437924,0.104015276,0.09043505,-0.17394507,0.23150472,-0.12200366,0.3476469,0.0020187832,-0.10934432,0.13043828,0.32784843,-0.12619692,-7.809399,-0.013681367,-0.05268189,-0.41558462,0.12897488,-0.1158547,-0.16206941,-0.13893706,-0.47678286,-0.031676114,0.021166489,-0.20676365,-0.49819756,0.15729715,0.0394297,0.32679486,-0.023843631,0.18275313,-0.08810368,-0.025006592,0.10999413,0.22492804,0.09443547,0.33786398,-0.1656363,0.2654245,0.03136441,-0.012144659,-0.15466988,0.15851939,-0.13173813,-0.3624403,0.09532939,0.052262418,0.40644097,0.13327068,0.1541444,0.039568488,0.017249597,-0.29293275,0.03412273,0.0134559795,0.023721758,0.2121295,-0.029614672,-0.124093994,0.12577227,0.2790157,-0.1167026,-0.10633782,0.039304025,-0.40451455,0.2511513,0.08522291,-0.08040181,0.5589622,-0.003990192,0.3362915,-0.057098746,0.12234916,-0.0073457845,0.22839063,0.07525767,-0.01169955,-2.0103042,0.29345247,-0.016660174,0.010345312,0.07980046,0.07945014,0.00042122416,0.1674577,-0.032158807,-0.25406802,-0.0014646994,-0.64606357,-0.4029698,-0.09838365,-0.19671299,-0.0002681436,-0.043471597,0.14565483,0.5423185,-0.1377383,-0.007809624,-0.20207694,-0.1869539,0.101512805,-0.009034519,-0.04143755,0.04220195,-0.4764372,0.12587146,-0.09547814,-0.17577878,-0.2206686,0.051146418,0.028043922,-0.3559575,-0.21060456,0.0045922883,-0.057855256,0.07589364,-0.21990055,-0.049469784,0.5099177,-0.26906633,-0.20872948,0.10678861,0.43001238,-0.034652494,-0.10495794,-0.16828452,-0.29026067,-0.33796105,-0.4770359,0.10896686,-0.14923431,-0.015114931,0.2652568,0.07698314,0.019568942,0.16996771,-0.12945633,0.336262,-0.09837612,-0.27683768,-0.24183506,-0.06253306,-0.10038641,0.08035252,0.03824696,-0.028070174,0.032976706,0.15640259,0.03012314,0.20664768,0.0388458,-0.09794953,0.13555259,0.5608837,-0.070316605,-0.12055041,-0.101098254,-0.034463566,0.25668734,0.05867499,0.0023772717,1.3696856,0.17187585,-0.037862003,0.05577109,0.15449841,-0.079673626,0.13983311,0.00033050403,2.6305065,0.2627086,0.016505137,1.2712064,-0.017654207,1
-0.02225109,-0.014174676,0.21211138,0.23724405,0.093100786,0.39704442,0.9030564,0.21201037,-0.091805115,2.3813615,-0.01697009,-0.014023721,-0.43134302,0.106854066,-0.43936044,-0.11966424,0.067746945,-0.11773316,0.05378875,0.03294647,-0.23650159,-0.059898183,0.3619914,-0.21858513,0.23559663,-0.27945536,0.300621,0.24705166,0.40439954,-0.016309146,0.22318342,0.21193613,0.103152335,0.046475057,-0.381482,0.01431739,0.03689816,-0.087444544,0.09565791,-0.040050928,0.050526083,0.22171617,0.47011745,0.06263779,-0.12240465,-0.21179134,0.021386996,-0.03286315,0.18738483,-0.42304775,-0.0025706291,-0.4388674,0.023868041,-0.011086648,0.60313016,-0.15178362,0.045078866,0.015966743,-0.076142155,0.0405306,-0.604219,-0.22340634,-0.06078158,0.24681875,0.3802357,0.21149874,0.13209745,-0.31473762,0.0067926105,-0.119394295,-0.16596422,0.038844064,-0.061611712,-0.06326569,0.1481858,0.052657753,0.29014173,-0.36266845,0.044560634,0.04868392,2.2820325,-0.37910092,0.054526128,0.22649086,2.9513545,0.1418137,-0.26367348,0.113943055,0.11504939,-0.21928042,0.03503289,-0.06867762,-0.13990743,-0.042884618,-0.06812987,0.101441145,0.11838857,-0.16476057,-0.847247,-0.029622985,-0.06947443,-0.046417147,0.29032123,-0.28732815,0.3640558,-0.035995364,-0.15033774,-0.35779262,-0.015651885,-0.16389209,-4.559059,-0.07665156,0.10203267,-0.098002955,0.35141695,0.22931859,0.10543659,-0.064752795,0.07972867,-0.6457866,0.28244066,0.13141558,0.018397084,0.0042109494,-0.11981729,-0.07194908,0.030485235,-0.05482313,0.20498036,0.2134935,-0.088471,0.012872204,-0.06946634,-0.35363796,0.18070205,-0.19601543,0.083640024,0.1573857,-0.09405428,0.038181365,0.015311247,0.09503116,-0.01961584,0.1317527,0.3284164,-0.048500873,-0.028178815,0.030214593,-0.08342281,-0.098966114,-0.623647,0.10971591,0.03746955,0.08940981,0.1860584,0.25530177,0.11742361,0.20362651,0.19304171,0.22295758,0.015040282,0.23636651,0.26591524,0.14999352,0.16093713,0.13800949,0.07231682,0.32391295,0.26847678,-0.1039287,-0.048858903,0.075899236,-0.054501038,0.054612253,0.22480536,-0.109826885,-0.5686689,-0.21028611,-0.44703382,0.38164926,-0.17161447,-0.43721855,-0.071104035,0.812901,-0.4401223,0.451776,-0.02391773,0.25890613,-0.05847821,-0.06133198,-0.0002594851,0.013970628,-0.016563911,-0.096292965,0.12212075,0.21397316,-0.012340851,0.08920299,-0.06308651,0.25426406,0.029956698,-1.219059,-0.048186805,-0.09235121,0.07122309,-0.22845086,-0.0163482,-0.013377592,0.054610055,-0.16360116,0.19034465,0.09011155,-0.05936326,-0.047347866,0.15279624,-0.07329324,0.29675683,-0.069211766,0.00086056406,-0.095872924,0.4294132,0.46737587,0.27571318,-0.02671235,-0.16644023,-0.05554109,0.10981426,0.12985235,0.2957968,0.19000107,-0.386306,0.03994059,-0.37457776,0.044339392,0.05122254,-0.03461717,0.23329628,0.063127294,-0.27333766,0.13832417,-0.13946453,-0.035437398,0.021650514,0.0026082168,0.011410804,0.052805517,-0.079474166,-0.23663408,-0.28816795,0.29832906,0.21874201,-0.14004685,-0.46833485,0.27830845,0.005249841,-0.16831066,0.2481797,-1.2741456,-0.118180506,0.2886757,1.9730773,-0.5738336,-0.013253301,-0.99707204,0.35213813,0.7742612,-0.36701018,-0.19427893,-0.04459548,0.19314075,0.23186214,0.0003693886,0.045798987,-0.081471056,-0.20614418,0.7551598,0.15554062,-0.019965172,-0.09444456,-0.07137184,-0.08817047,0.06301511,-0.27024013,-0.0054339455,-0.2652677,0.09157323,0.036826555,-0.18307555,0.2740313,0.1914915,0.026086507,0.16629812,0.056998998,-0.124453105,0.0035967538,0.049941465,-0.10100247,0.1777566,0.08407117,0.0217975,0.1409626,-0.02768385,0.2246144,-0.397968,0.014508441,0.10836826,-0.055457264,-0.0731942,0.11608691,-0.26664242,0.083830684,0.9009673,-0.0120816715,0.083634876,0.024569008,-0.25340134,-0.4247244,-0.3443994,-0.058988504,0.4293397,-0.08489454,0.20878151,-0.08188802,-0.021636719,0.4154701,0.4659469,-0.115542516,-0.09293245,0.34712347,-0.15827668,0.047663473,0.0061239228,-0.18378702,0.14965892,0.4752463,-0.96721816,0.046739765,-0.04197596,-0.048092693,-0.1140979,0.14815488,0.06042741,-0.024142675,-0.3971035,-0.10855043,-0.14342298,0.124145076,-0.1873932,-0.06956495,-0.03304951,-0.14253326,0.41961184,0.11841668,0.15854335,0.47070375,-0.006383743,-0.042970233,-0.061114654,-0.1861114,0.08436667,0.030785047,-0.048616376,0.16037682,1.3251051,0.06778674,0.041601833,0.07765337,-0.05623298,0.20445886,-0.3137914,1.1121244,0.05052218,-0.10307677,0.26069266,0.05932941,0.5583235,-0.009590687,0.03798007,0.69999397,0.0025878,-0.039532404,0.08902985,-0.15681568,-0.28630555,-0.018371176,0.010346923,0.4392103,0.032831624,0.0014804195,-0.108155295,-0.2738433,0.08242074,-0.3813713,-0.00053706765,0.14389713,0.076622635,-0.012523968,-0.40197435,-0.4652923,-0.23486,-0.0056913644,-0.024455383,-0.5103117,-0.32668293,0.34631246,-0.00119441,-0.17623943,-0.07262869,0.0705951,-0.02349361,-0.15359911,-0.11203239,-0.2501924,2.7475176,0.06717778,-0.24558483,-0.15477373,0.074210666,-0.06155277,0.77053744,-0.23934205,-0.067538895,0.06302509,0.07964486,-0.040062398,-0.14151752,-0.1740787,0.05894886,0.24514817,-0.15758936,0.19317493,0.039923653,0.039059605,-0.02793388,0.31717023,0.11356636,0.116861016,0.06647458,-0.24912101,-0.0540549,0.32490602,-0.13976742,-0.43888688,-0.31163126,0.1231115,0.13295999,0.17400333,-0.043314904,-0.08158964,0.31539357,-0.014008794,-0.37993294,-0.0019850917,-0.5038451,0.0422692,-0.03728673,-0.14477348,-0.17574546,0.2536859,-0.03685525,-0.2653343,0.21919131,-0.08245601,0.34822628,0.05524638,-0.119706616,0.032252103,0.14666364,-0.5465729,0.3825557,-0.45162356,-0.39149308,0.2456732,-0.01035288,0.079944424,0.3679428,0.18133843,-0.08325886,-0.13348563,0.07837353,-0.1536635,-0.2009528,-0.027528547,0.05268572,-0.03094042,-0.14817494,0.48925105,-0.58092856,0.17560138,-0.045561902,-0.016186506,-0.000645061,0.07340197,0.05827823,-0.32625645,2.1217315,0.07000337,-0.05359912,-0.24185126,0.092931286,-1.7182548,-0.25454986,-0.027905978,-0.29958892,-1.107775,-0.41844767,-0.3119725,0.0054367855,-0.21504615,0.20925999,-0.31245646,-0.009738658,0.12862152,-0.66726565,0.1292627,0.13474873,-0.6848216,-0.09713813,0.843106,0.11237333,-0.01746235,-0.386559,-0.019772895,0.25013667,-0.030011654,-0.13779244,0.17265917,0.15233052,-0.26742065,-0.019504696,0.15206258,-0.068344735,-0.024482587,0.08722652,0.14797875,0.18125328,0.057392277,-0.008151196,0.20733729,-0.061400034,-0.013166748,-0.035539467,0.12139669,-0.24936274,-0.01391142,0.1493956,-0.016566016,-0.31475693,-0.012136608,0.09182541,-0.030630214,-0.061283894,-0.062662154,-0.16761896,-0.014433,0.020137854,-0.0004423029,0.12278882,-0.012677811,0.23162019,-0.55872977,-0.08773738,0.006669484,0.057121046,-0.015314338,0.0995392,0.0050734775,0.44052297,0.09211773,0.21255034,-0.46357507,-0.32592207,-3.525601,7.3157884e-05,0.48841262,-0.66152984,0.10120103,0.19915132,-0.05754082,0.076447524,0.08752832,-0.09080147,0.19571765,0.17927775,-0.059689432,0.29991043,0.14754477,-0.23208773,0.011722544,-0.11420084,-0.15254687,-0.31404078,0.3441503,0.005419027,-0.3559392,-0.04494805,0.032066118,0.64022654,0.11056402,0.45095497,-0.07243824,0.0023722341,-0.00824441,-0.15636896,0.05203343,-0.07052066,-0.09157987,-0.10662232,-0.09181426,0.30410442,-0.29388207,0.1619711,-0.18302977,0.0512083,-0.19938542,0.24381542,-0.11763452,0.17746007,-0.49679047,0.20968606,0.029566461,-0.118519664,-0.10792668,-0.31158584,-0.14811206,-0.0029927418,0.06239601,1.5678725,0.008621642,-0.14173152,-0.06282548,-0.11177504,-0.14824645,0.47382486,-0.44380206,0.52913755,-0.024401039,0.08085119,-0.16192058,0.43224308,-0.23403984,0.07627006,0.0060994104,0.09762855,-0.07203005,-0.2089051,0.27679595,0.7565111,-0.1232794,-0.065311275,0.043223187,-0.9165442,-0.24865597,-0.009966183,0.041719656,-0.008920956,0.41172147,0.0890937,0.078334376,-0.09495201,1.3935113,-0.30728146,2.2728846,-0.04388141,0.023226768,-0.69644576,0.08930723,-0.037587013,-0.080446556,-0.00037624314,-0.30784616,-0.12174359,0.08694101,-0.12166629,0.361291,0.1477759,0.07338387,-0.15388641,-0.08089147,0.011139823,-0.14849676,0.5273887,1.9512354,-0.08702734,0.78626335,-0.12520829,-0.18048465,-0.17185295,0.12030147,-0.06328754,-0.26784182,0.21437724,0.02547367,0.027743213,0.2007367,-0.11904046,-3.5233042,4.3326785e-05,-0.023127213,-0.7262214,-0.33922827,0.34017816,0.27623868,0.3891133,-0.022034075,0.32326493,0.0302472,-0.18705907,0.16273966,0.25512066,-0.01774177,-0.032269362,0.032178804,-0.038931824,0.45193696,0.026707467,0.07961009,0.52201027,0.054819252,0.008016683,-0.05313338,0.18345049,0.24726807,0.080338694,0.27598032,0.041633695,-0.05443913,-0.07849215,0.12401852,-0.08474073,0.7422911,0.06725342,-0.051832628,0.1277231,0.08949342,0.010688251,-0.12626733,0.14494273,0.07080089,0.082775965,-0.03565771,0.12504102,0.028602943,-0.8097962,0.4342076,0.24990404,0.12952332,0.030177027,0.06723162,-0.124081,0.025187533,0.061358735,-0.122807145,-0.00891646,0.15390721,-0.29672462,0.19928207,0.2608763,0.4276778,0.25482953,0.3342481,-0.3367676,-0.16522035,0.04808207,-0.25123605,0.1850867,-0.18509299,-0.11648741,-0.14942966,-0.2654809,-1.0438809,-0.059689723,0.011887789,-0.7194406,1.3407608,0.34188342,-0.083568424,1.3886302,-0.25529143,-0.76049,0.33224323,0.26106495,0.7155355,0.44626084,0.3966333,0.209407,0.08825204,0.08692081,-0.007106995,0.072454184,0.11581348,0.17952612,0.1433426,0.034584492,0.06762062,0.28977486,-0.076597564,-0.057538025,0.2205231,0.015104001,0.01893767,0.25149268,0.07173481,0.04052793,0.5971086,0.89639676,-0.14747694,0.20172225,0.03526304,-0.0041128285,-3.9522495,-0.14205676,0.5110872,-0.1613526,-0.044231914,-0.17166555,-0.10139134,0.2767403,0.30363515,0.13096137,0.069222555,-0.04963396,0.0058165677,-0.0072978474,0.07571595,0.26113898,0.04914204,-0.13833265,-0.1462375,-0.043383773,0.41169286,-0.15783416,-0.43879083,0.06812814,0.06932843,-0.026674762,-0.011210881,-0.16950655,-0.025202587,-0.30876905,-0.5265148,0.20676135,0.0034185648,-0.12787876,-0.04138969,-0.019666381,0.38502282,0.11675901,-0.0139910355,-0.12380288,0.26146495,0.088272125,-0.08995463,-0.051274225,-0.10135558,0.54262364,-0.00031739473,0.3028625,0.054870598,-0.117890894,0.07018227,0.56080234,-0.21082044,-10.009127,-0.049480427,-0.09425743,-0.38961452,0.14619164,-0.3065165,-0.17408863,-0.10270494,-1.0069454,-0.014005721,0.03487842,-0.3192563,-0.12365631,0.2772808,0.09284131,0.10197492,0.026020989,0.25842884,-0.034771815,-0.12587829,0.24949345,0.23840614,0.25311795,0.48142117,-0.026408881,0.24172233,0.013973832,0.0545064,-0.20828041,0.26582843,-0.07057958,-0.5155027,0.22376116,0.019300848,0.48443776,0.33919457,0.10654163,0.08193255,0.055502135,-0.31228676,-0.042752612,0.015841614,-0.07750265,0.27127582,-0.046793178,-0.22634594,0.108525336,0.17934851,-0.17867821,-0.069793135,0.06781092,-0.31534195,0.2397069,0.073490635,-0.28602096,0.593729,0.08933756,0.30227175,-0.10134643,0.20876461,-0.00809928,0.38890657,0.14900762,-0.022857917,-2.044845,0.5163037,0.042270705,-0.086040065,0.08170117,0.06776688,-0.07255658,0.16622326,-0.13153753,-0.22064276,0.00058689713,-1.0564264,-0.71683466,-0.15825887,-0.17301033,-0.0050663,-0.13121589,0.09629376,0.96716404,-0.043756388,0.076759405,-0.18898651,-0.069060504,0.008851349,-0.0056224894,0.12062877,-0.12497717,-0.5236176,0.05768548,-0.26557428,-0.12772754,-0.014951453,0.1327914,0.08880326,-0.29478228,0.09417762,0.2119326,-0.09502077,0.0076412866,-0.19942173,-0.05072645,0.47195068,-0.20043014,-0.28943923,0.18385494,0.41084048,-0.067161724,-0.1512632,-0.24157643,-0.35645315,-0.22931392,-0.34842306,0.06773393,-0.16330267,-0.057523116,0.13235776,-0.29057625,0.02502085,0.007600253,-0.06320205,0.53186387,-0.142941,-0.35609,-0.33498716,-0.19182521,-0.102551274,0.019991476,0.020832252,-0.1456368,0.13896306,0.24611597,0.27479404,0.16373271,0.043353327,-0.014844515,0.18575625,0.6434548,-0.1370228,-0.11719697,-0.11622071,-0.048896372,0.26691937,0.07196089,0.013873786,2.0071661,0.13456997,-0.04833131,0.18593399,0.17244251,-0.16592066,-0.4954541,0.018389197,3.2574992,0.2974459,0.017034769,1.4999177,-0.032619625,0
-0.05843322,-0.0027213562,0.20146492,0.23113099,-0.1933744,0.5803853,0.8647922,0.045033626,0.06618699,2.123848,-0.015955396,-0.042060662,-0.3227461,0.058624335,-0.28831443,-0.1094332,0.14331271,-0.06513547,-0.032528102,0.03180551,-0.0018207002,0.107954465,0.40057158,-0.47792774,0.15901758,-0.3464799,0.25433573,0.14444107,0.3114897,-0.023978023,0.3901279,0.047719233,-0.063422106,0.050476357,-0.41317722,-0.011643704,0.028776128,-0.044642456,0.058098756,-0.18117793,-0.058459587,0.4595737,0.3020926,0.20563275,0.033923913,-0.2290199,0.07180462,0.032548293,0.08236152,-0.63187635,0.07882342,-0.2888074,0.12077486,-0.010565652,0.28877518,-0.15336291,-0.008180566,-0.0014526248,-0.021447964,-0.09466913,-0.3672417,-0.1653961,-0.21757379,0.33627665,0.4569416,0.16144711,0.040318664,-0.4083329,-0.054598242,-0.019967254,-0.1509046,-0.0068227947,-0.44558114,-0.022820847,-0.049575046,0.002517935,0.17379539,-0.065533474,-0.04205803,-0.1519778,2.2171485,-0.05871983,-0.026774514,0.26553226,2.4936848,0.23572135,-0.18976331,0.09247084,0.019656096,-0.2507649,0.032832563,-0.05959016,-0.13459383,-0.00598515,0.03521218,0.07898262,0.1518521,-0.120992325,-0.6832533,-0.13609546,-0.08322682,0.004140299,0.1255841,-0.004265638,0.18368334,0.23859978,-0.1780415,-0.22366521,0.034124363,-0.060718246,-5.5850744,0.0017025769,0.12967274,0.074164376,0.34411833,0.16256222,0.03764294,-0.16425008,0.21705967,-0.28491616,0.04608104,0.1518032,0.0029678568,0.039454307,-0.069607034,-0.038071938,0.059617594,-0.011868447,0.1654042,0.14900067,-0.06556154,0.014502019,-0.09297858,-0.09862405,0.13993824,-0.0918906,0.030864319,0.6290244,-0.106416225,-0.029649515,-0.010768982,0.17510568,-0.05909366,-0.28301737,0.36597034,-0.115254834,0.112239175,0.14314362,-0.011812083,-0.054661214,-1.1140819,0.048691172,0.077326566,0.064314306,0.25414094,0.14227535,0.12539747,0.08306258,0.09808478,0.14743069,-0.048781015,0.22009635,0.05557745,0.017528974,0.10375621,0.115487546,0.10026923,0.098285735,0.33046472,-0.11461966,0.099739574,0.19205526,-0.0005653966,0.10865081,-0.36198795,-0.054437947,-0.4936947,-0.07023163,-0.307583,0.3144179,0.38711008,-0.44693905,-0.0151564665,0.5889966,-0.4766053,0.24994448,-0.10137011,0.16160072,-0.06906096,-0.0956334,0.007551616,0.054083426,0.021315876,0.06695122,0.20163625,0.1290351,-0.07933459,0.08319224,0.040251464,0.25246903,0.03170885,-0.9971485,-0.052922286,-0.08901231,0.14246961,-0.00841827,-0.10528708,0.09000385,0.033085197,-0.18651895,0.1667208,0.06859705,0.10792088,-0.08475912,0.2906484,-0.011434279,0.22445574,-0.113086455,0.0009024211,-0.056230582,0.40042597,0.3894559,0.15119886,-0.14391232,-0.122521915,0.041266695,0.16111839,0.10341162,0.25063652,0.25725147,-0.434974,0.014096588,-0.17600766,0.24742946,-0.12432763,-0.030916873,0.013269089,-0.047413304,-0.31933573,0.15850982,-0.5152855,3.4819357e-05,-0.03893031,0.0024418999,0.01779341,-0.037795484,-0.09654307,0.03534483,-0.3609461,0.24351905,0.2393181,-0.07533098,-0.17249754,0.15933125,0.18053834,-0.20580328,0.39241478,-0.93574375,0.055660415,0.3104691,1.2304544,-0.40936184,0.24464887,-0.8398912,0.44997615,0.40966624,-0.2375346,-0.49223962,0.09005139,0.02126272,0.14517668,0.20613529,0.08844715,-0.00229723,-0.17136654,0.62477255,0.12224926,-0.070267886,-0.09172188,-0.011699468,-0.10490425,0.09226021,-0.13566372,-0.22842485,-0.44918013,-0.009553695,0.071270205,-0.1037648,0.32552692,0.15061665,0.03179841,0.073062666,0.02683092,-0.1620445,0.053970702,0.07639457,-0.09825427,-0.16180958,-0.22889163,0.03863439,-0.0124501735,-0.098608136,0.31662095,-0.34061176,-0.04048272,0.043158676,0.021861702,-0.17369622,0.109668136,-0.09969594,0.019705757,0.7547304,-0.109571315,0.0045347186,0.05315662,-0.34437013,-0.46754414,-0.17890316,-0.059901927,0.04097914,0.12113192,0.2322941,-0.04479761,-0.06292601,0.5801428,0.64963734,-0.21583419,-0.04759856,0.1930544,-0.21577819,0.053821556,0.037534513,-0.04151479,0.16792582,0.30249858,-0.8811388,0.085374236,0.006414851,-0.1998491,-0.101980224,0.21113138,0.03469661,-0.026428953,-0.36954975,-0.08378638,-0.09897839,0.28276658,-0.06290242,-0.1919173,-0.19480386,-0.1751355,0.30272487,-0.0055184066,0.095054045,0.43229836,0.047253557,-0.059153616,0.01088804,-0.19610207,0.16017233,-0.03431593,-0.050010726,0.16891325,0.7123153,0.027595522,0.031081837,-0.04117479,0.0072431415,0.09103464,-0.71902055,0.19790728,0.00740867,0.13001221,0.062364556,0.13802792,0.3640889,0.23906334,0.12006699,0.68666655,0.0023277903,-0.080577485,0.05071762,-0.15520874,-0.22698507,-0.073346004,0.09769082,0.4982307,-0.03770955,0.0015893558,-0.25456083,-0.18459284,0.2389474,-0.14741603,0.054895706,0.15755945,0.06558442,0.021070104,-0.33228648,-0.6025909,-0.23565021,0.016061764,-0.09288614,-0.17322625,-0.097955555,0.20858029,-0.027975,-0.46299854,-0.15671843,0.13331203,0.023059532,-0.14059247,-0.2046262,-0.11399855,2.8455148,-0.010130845,-0.2227098,-0.2260676,0.12345486,-0.0088611245,0.5331369,0.08852652,-0.060341056,0.0398514,-0.00063624233,0.122044995,0.07850465,-0.047389697,0.0950896,0.14916241,-0.11030898,0.15953568,0.06827174,-0.029755529,-0.22399262,0.46399942,0.19361404,0.03611821,0.048320778,-0.54262483,-0.12324152,0.16654566,-0.20857206,-0.36881682,-0.48317072,0.04237308,0.48888716,-0.036023702,-0.12964767,-0.09770404,0.32458234,0.014612757,-0.23325247,0.07130128,-0.48089212,0.18848123,0.008959502,-0.23842517,-0.057657067,0.26292133,0.14557771,-0.22065215,0.21414348,0.23025513,0.071885444,0.06122572,-0.098199636,0.013857424,0.08475776,-0.5231062,0.29634646,-0.43002513,-0.21472788,0.2649919,-0.12070961,-0.0121508455,0.25564852,0.24714644,-0.07401416,-0.12210349,-0.048398234,-0.06326188,-0.2654009,-0.13044016,0.12457212,-0.007998221,0.048407152,0.20292929,-0.44531307,0.16573836,0.058226757,-0.006492695,-0.00061732554,-0.03819427,-0.062387556,-0.24503678,1.3507664,-0.050489217,0.062958516,-0.086699516,-0.81828433,-1.5143023,-0.27117416,-0.09263447,-0.23180786,-0.90156984,-0.44308117,-0.19479482,0.019897178,-0.2431314,0.2222253,-0.50320214,-0.306968,0.01967125,-0.5048983,0.026713083,0.020208389,-0.29930454,0.040221386,1.1645284,-0.05825724,-0.058574565,-0.18995133,0.05131726,-0.72391474,0.03439653,-0.11403897,0.03742196,0.13377164,-0.28002796,-0.0039422475,0.19949418,-0.06342057,-0.069141015,0.06833925,0.1371756,0.37328494,0.10117735,0.03616194,-0.0092653185,-0.096921675,-0.13463111,-0.14735849,0.28506234,0.0941088,-0.026158385,0.03672857,0.028936803,-0.3747974,0.04060617,-0.030512745,-0.054612122,-0.12112662,-0.084547415,-0.112306334,0.008610798,-0.06990078,-0.00077291,0.027818413,-0.05338477,0.07057881,-0.11509849,0.13184036,0.001597032,0.01654318,-0.055294164,-0.048610978,-0.065867886,0.26907814,0.08229233,0.35486728,-0.61710393,-0.38897073,-3.520158,6.415398e-05,0.14791639,-0.50987816,0.02659335,-0.24306557,-0.08489129,-0.103691965,0.14687574,-0.02371721,0.030028902,0.15680808,-0.8429102,0.17791371,0.122297466,-0.11480219,0.16180766,0.054729488,-0.07813294,-0.1781046,0.17194161,-0.03993528,-0.39165282,-0.01538828,0.018975865,0.61819124,0.12038347,0.7111218,-0.044632994,0.0024397098,0.22354597,0.13918191,-0.024023749,-0.013574686,-0.115025945,-0.01845922,0.08738715,0.27502573,-0.12134926,0.120943114,-0.14337695,0.32313496,-0.034824166,0.24294329,-0.13620533,0.10398351,-0.2412259,0.077989385,0.050050426,-0.052507933,-0.15730721,-0.24279031,-0.05900508,-0.00035500457,0.048599318,1.5955079,-0.02067704,-0.24932373,-0.0414888,-0.094730675,-0.1316672,0.3006154,-0.2595617,0.40567228,0.016570993,0.027548205,-0.15654159,0.44073555,0.15995947,0.061313238,0.008558291,0.087955594,-0.12161614,-0.24131858,0.25641605,0.3714277,-0.13541797,-0.1643632,0.044829518,-0.9119895,-0.2892996,-0.10185322,-0.08034072,-0.0038442463,0.45739564,0.07462663,-0.06175998,-0.16478747,1.4228128,-0.4229927,1.9416717,-0.19078201,-0.022656456,-0.7341484,0.0350513,-0.010220262,-0.05221069,-0.00039617103,-0.42373645,0.087735526,0.07464939,-0.09458234,0.16522698,0.08191726,0.31198102,-0.11586422,-0.10260931,0.04181412,-0.12980418,0.33119914,1.8229753,-0.15896335,0.44542384,-0.06875646,-0.029463693,-0.155193,0.09384712,-0.08020188,-0.14191756,0.34100693,0.050261065,0.0931225,0.032205638,-0.1398522,-1.71883,4.7195943e-05,0.11607625,-0.27902567,-0.54499674,0.020725496,0.25848725,0.5170797,-0.18502285,0.30911922,-0.016412934,-0.21511395,0.121138185,0.14723842,0.24042659,-0.060842626,-0.011829846,0.051010165,0.42371067,-0.12112406,0.050872475,0.30841726,0.13470995,0.36425784,-0.08789389,0.18691811,0.14964455,0.037046686,0.5217198,-0.099554226,0.0989186,0.059452794,0.0890549,-0.18362658,0.7079602,0.06975541,-0.06360151,0.080629975,-0.28145748,0.019646091,-0.03172443,0.08334243,0.08953586,0.14416182,-0.094815135,0.18353996,-0.13142288,-0.79122245,0.3275202,0.2701023,0.16384089,0.035455883,0.087890275,-0.018393971,0.067142606,-0.25925946,-0.19230954,0.039946254,-0.05041853,-0.22041285,0.13423562,0.28349662,0.414805,0.74538314,0.29035202,-0.38056776,-0.2511418,0.054867584,-0.16690731,0.19420391,0.123193726,0.08417432,0.01669839,0.07136977,-0.77076113,-0.5160082,0.061305523,-0.45947468,0.883167,-0.0055128634,0.05933369,1.2456198,0.07571526,-0.93052,0.2908303,0.3406331,0.58554703,0.3797033,0.20591399,0.29476002,0.24903868,0.19530958,-0.13556066,-0.025278732,0.23335606,0.13277254,0.13044535,0.12706107,0.08785788,0.26243943,-0.08904326,-0.07852252,0.28182438,0.16902241,0.043204315,0.24641204,0.16728966,0.024204342,0.4257838,0.6953529,-0.13623703,0.6211614,0.033926465,-0.018049926,-3.8038507,-0.11071715,1.7363949,-0.10816879,-0.008149452,-0.04433956,-0.13421625,0.18328275,0.18359376,0.20436554,0.20120114,-0.041350078,0.104970425,-0.057397336,0.00879398,0.099128306,0.02332531,-0.008368923,-0.15299845,-0.006121657,0.5068319,-0.16618098,-0.38700342,0.17603013,-0.0071028844,-0.038544033,0.056971483,-0.018876527,-0.027018555,-0.36891413,-0.27653515,0.33729708,0.064616576,-0.115871415,-0.0761216,-0.05066055,0.2116929,0.05366194,-0.06347821,-0.08814457,0.21813577,0.048854828,0.18536045,0.08415441,-0.027085323,0.5775124,-0.11795615,0.60906494,-0.031012658,-0.023812316,-0.071743056,0.6175235,-0.09128582,-9.000852,-0.025233123,-0.10822678,-0.37034553,0.07916887,-0.32073098,-0.17699404,-0.09470183,-1.7400292,-0.021687724,0.052267835,-0.43974465,-0.10228249,0.22058594,0.018247006,0.23759806,0.0057661384,0.15619926,0.09792121,-0.031351388,0.2145325,0.1798921,0.18065217,0.43646842,0.019809783,0.18796612,0.15107834,-0.039652713,-0.20014024,0.27040708,-0.080201834,-0.44059378,0.06582119,0.03852237,0.25117785,0.110746786,-0.015476212,-0.058330625,0.049153775,-0.27247402,0.050254185,0.07785094,0.098243296,0.30225578,-0.20184228,-0.16517626,0.06951944,0.16013978,-0.10717799,-0.10478679,0.12354637,-0.39111382,0.20271271,0.121944204,-0.04054045,0.6219831,-0.01011296,0.22835046,-0.0751284,0.038166463,-0.019340489,0.34531048,-0.0058214637,-0.09723978,-2.0108302,0.31763744,0.0024449881,-0.055924334,0.13272794,0.0682035,0.0010567326,0.13328165,-0.14451501,-0.2872028,0.0348852,-0.19102259,-0.90377736,-0.18463425,-0.2573151,-0.022464318,-0.08592956,0.15906985,1.1503987,0.08421836,0.013359317,-0.02236674,-0.052214026,-0.07569919,-0.08080765,0.13041103,-0.08436164,-0.40996096,0.17844233,-0.029099286,-0.14832927,-0.1908939,0.15397353,0.043708935,-0.1289047,-0.16953745,0.2804909,-0.082459494,0.08967354,-0.32542053,-0.04317654,0.4750179,-0.32552558,-0.15621905,0.10964126,0.36147904,-0.013302721,0.070937246,-0.28940657,-0.58889484,-0.31825182,-0.3770562,0.16870768,-0.21481135,-0.031926904,0.15021043,-0.17665817,0.00027853064,0.13089092,-0.1545179,0.5801906,-0.17238452,-0.33242923,-0.24804392,-0.11468016,-0.059747756,0.02483095,-0.10182578,-0.1568544,0.011075124,0.07648204,0.35413614,0.25432053,0.08104546,-0.025121354,0.18448496,0.46805954,-0.17480467,0.022991166,-0.20335585,0.017634723,0.14002953,0.10994456,0.07134879,1.4162016,0.13242947,0.03708396,-0.008779516,0.20028548,-0.14850923,-0.55290294,-0.14689545,2.697767,0.24568032,-0.0013761669,1.07255,0.06664148,0
-0.026705729,0.0432633,0.19194725,0.20868793,0.09112942,0.4002137,0.5452368,0.022590252,0.045423254,1.7329612,-0.04237888,0.0068141893,-0.2882034,0.053623073,-0.2604324,-0.03328047,0.06982327,-0.06704874,0.054894272,0.021040965,-0.15161023,0.023771133,0.28106493,-0.27355552,0.15652172,-0.20055883,0.28954518,0.09043567,0.19957514,0.04128997,0.17204148,0.04913515,-0.22996202,-0.03072169,-0.30331948,-0.04354676,-0.01136374,-0.034769487,0.036430202,-0.073608994,0.02502243,0.4285992,0.31079596,0.16238606,-0.018111557,-0.16179493,0.021962453,-0.094618365,0.09818274,-0.42213917,-0.09873092,-0.3234373,-0.014983385,0.0028823519,0.28250396,-0.07479369,-0.006588582,0.25956318,0.037360027,0.09922314,-0.41653705,-0.12595704,-0.17435123,0.39776903,0.2503829,0.065281205,0.12682444,-0.31096733,-0.018193893,-0.08565822,-0.10422252,-0.023379408,-0.070804775,-0.11316215,-0.12320474,0.004484376,0.14755276,-0.020888448,-0.059070587,-0.092336744,2.0277076,-0.14518242,-0.009012775,0.2614157,2.1926444,0.2742509,-0.19004226,-0.010024611,0.017566198,-0.29018188,-0.0023663975,0.0053051114,-0.23337786,-0.032141097,-0.0278756,0.11033772,0.11480581,-0.12306535,-0.5755656,-0.13643137,-0.020898841,-0.0627804,0.13801938,-0.012703877,0.245848,0.21823984,-0.10239247,-0.15937199,0.022848371,-0.111971736,-4.960224,-0.0025601685,-0.0035917833,0.057032637,0.25062594,0.17351346,0.07994038,0.05164949,0.13645825,-0.2875861,0.0102799395,0.08672306,-0.016221214,0.06313394,-0.08732076,-0.003960848,0.08237736,-0.07592276,0.07345678,0.27318835,-0.20367154,-0.044544145,-0.061089758,0.011758804,0.16729444,-0.050607845,-0.029077213,0.5499662,-0.09380386,-0.0750125,0.023773031,0.08994623,-0.07164448,-0.10368663,0.3182664,-0.073771335,-0.0051133595,0.08622875,-0.031029016,0.0076183975,-0.6696924,-0.005124256,0.037997894,0.120620176,0.16568597,0.17798397,0.101515435,0.082291156,0.09546866,-0.076647475,0.015721243,0.2588629,-0.00017142692,0.051819365,0.018200792,0.13966502,0.0614259,0.25200558,0.19829944,-0.044731103,0.06818095,0.050139736,-0.019254576,0.1296837,-0.12148917,0.022845859,-0.5867521,0.01063944,-0.29481316,0.23113811,0.08062044,-0.3994159,-0.058189154,0.68346226,-0.38613307,0.22094208,-0.08254294,0.1673949,-0.04551624,-0.057098243,-0.0077864714,0.122895874,0.020163234,-0.008158483,0.09404483,0.15652129,-0.02370157,0.09456842,0.050871454,0.25119463,0.030866161,-1.0806118,-0.08858446,-0.09650251,0.067571975,-0.15688491,-0.046665255,0.11363388,-0.05762422,-0.102844276,0.051194485,0.042013727,-0.030422755,-0.046001986,0.20021749,-0.0033716373,0.27736413,-0.034570925,0.001000033,-0.044545837,0.24206893,0.30465397,0.25044593,-0.05732371,-0.059639335,-0.01859726,0.707844,0.079806,0.23081414,0.15269348,-0.2722882,0.05016192,-0.2442437,0.107014865,0.00211473,0.010246776,0.2319607,0.053861387,-0.2967783,0.053666852,-0.14091867,-0.031239484,0.0034335628,0.0015748581,-0.012643557,-0.11257698,-0.1641586,-0.04855316,-0.2351627,0.2832779,0.20192596,-0.09489702,-0.12315577,0.13295318,0.24305649,0.013386518,0.34376222,-0.6584692,0.078997195,0.21909145,1.1189669,-0.33418787,0.053634882,-0.43631506,0.4137779,0.37982538,-0.024827048,-0.4318312,0.12503943,0.16908988,0.2606115,0.027552998,0.11136312,0.019506413,-0.11378955,0.5882492,0.090809435,0.063918464,-0.038123906,0.00223789,0.041901015,0.09475084,-0.12388513,-0.107638545,-0.22635913,0.08189359,-0.024901219,-0.15791172,0.22785322,0.1396284,0.031695064,0.05485045,0.059829134,-0.21309344,0.015313141,0.026210688,-0.16258058,0.058747664,-0.33163202,-0.03444997,-0.008960336,-0.17799215,0.3513142,-0.4467691,0.04267692,0.015884502,0.13103965,-0.06444005,0.1025211,-0.14791137,0.12197194,0.5358455,-0.01634098,-0.085845284,0.036399443,-0.28204346,-0.37978244,-0.13847007,0.055434234,-0.019586354,0.07601695,0.1849952,-0.066553324,-0.06391209,0.4666501,0.41851288,-0.109903626,-0.041098617,0.21843898,0.042250328,0.003424313,0.020363845,-0.08687555,0.18640435,0.23536864,-0.6415411,-0.040136084,0.04588665,-0.28863978,-0.08986257,0.088154525,0.012519214,-0.07637097,-0.24961084,-0.054885942,-0.07420133,0.22708327,0.23417304,-0.1419422,0.069036745,-0.13471973,0.32432926,-0.048262745,0.13857746,0.46681157,0.012888636,-0.05118931,-0.061839923,-0.002346538,0.051980447,0.012865972,-0.0066333488,0.017771859,0.7476803,-0.017524306,-0.030384671,0.121563,0.054409802,0.057714198,-0.43950456,0.55167305,0.03917495,0.09219932,0.038458176,0.08575616,0.39980793,0.19697148,0.04775381,0.4346088,0.002546289,-0.004852468,-0.010273204,-0.09848199,-0.12988797,0.01668044,-0.0031501874,0.43390927,0.053196847,0.0016818605,-0.15436336,-0.12096541,0.17387995,-0.13256308,0.04504078,0.16061395,0.021986939,-0.012399334,-0.2788626,-0.5024891,-0.19474825,-0.123400256,-0.08669287,-0.25888842,-0.2170327,0.24854717,-0.028311599,-0.39645672,-0.14442782,0.12441146,0.06061241,-0.14937314,-0.11051655,-0.28215086,2.7389379,0.04768286,-0.114257805,-0.17706883,0.099166036,0.01981552,0.5166925,-0.005283039,-0.068663895,-0.001995936,0.013710238,0.022422,0.07123156,-0.045758933,0.09190769,0.13093483,-0.08541623,0.15045187,-0.075461335,0.008711297,-0.18333364,0.30137494,0.07187518,0.15116638,0.0618323,-0.26606467,-0.00940223,0.25417247,-0.2739231,-0.32444945,-0.5230634,0.035717856,0.5174504,0.08395419,0.012400031,0.038436886,0.43432796,0.11403084,-0.07885331,0.057268187,-0.43895274,0.04234764,0.050100014,-0.14780653,-0.03927706,0.29190457,0.054413356,-0.12955241,0.22652525,0.14492336,0.21478711,0.16308723,-0.07006167,-0.016406044,0.275629,-0.4076389,0.4365745,-0.39751187,-0.29578018,0.15677145,-0.08383277,-0.029289018,0.07582329,0.047118545,-0.105068095,-0.06058262,-0.18779401,-0.048561625,-0.20976245,-0.04915421,0.06732087,0.022017822,-0.17181242,0.29257816,-0.41987884,0.09492315,0.06404829,0.025385955,-0.00075707206,-0.008631967,-0.052998442,-0.27731338,1.4805915,0.08279687,0.14184332,-0.20166552,-0.5990335,-1.5591981,-0.16960315,-0.10206394,-0.04548642,-0.70332325,-0.20540282,-0.1860646,0.08311504,-0.11811459,0.23326659,-0.4127424,-0.14058404,0.08195355,-0.33002764,0.07931088,0.059171587,-0.2868597,-0.05533974,0.89684373,0.036493033,0.0293932,-0.46353075,0.020365445,-0.46120712,-0.005220413,-0.17489447,0.3628286,0.17792946,-0.3534907,-0.007003516,0.15297458,-0.02044123,0.015070995,0.14466624,0.06293377,0.17327574,0.108213484,0.17439033,0.017809987,-0.079085924,-0.09742933,0.05492033,0.17793831,0.105182566,-0.19090024,0.047295436,-0.018959936,-0.30356836,0.03205288,0.12256144,-0.115257785,-0.1873943,0.010023587,-0.08785957,0.017760463,-0.043926064,-0.00042134686,0.08938658,0.03173187,-0.01913023,0.03748569,0.05087574,0.022359632,0.0872827,0.058535144,0.12667963,-0.12176218,0.19192141,0.040411517,0.30676085,-0.40931898,-0.2345157,-2.8742087,8.510917e-05,0.04311709,-0.36130297,0.14368132,0.04320228,-0.18446985,0.006190583,0.13810192,-0.027105778,0.03922186,0.08507372,-0.36870044,0.060436558,0.04054366,-0.20782724,0.033423975,0.06214819,-0.10495122,-0.016098939,0.10047355,-0.006235689,-0.30480796,-0.059874475,0.04234496,0.56888425,0.0387664,0.31012434,-0.029900232,0.0024602541,0.11754383,0.1499224,-0.15598223,-0.08174726,0.042384446,0.0067613116,0.047408577,0.13294488,-0.07056653,0.16549551,-0.28776276,0.28626096,-0.13207415,0.19094038,-0.054558773,0.14319393,-0.2311658,0.049182016,0.025921308,-0.05618477,-0.03716408,-0.19048509,-0.07161993,-0.03454036,0.072360165,1.1662618,-0.040468633,-0.10317555,0.016268814,-0.05366358,-0.12687767,0.28320202,-0.3596322,0.4743754,0.12698081,0.046523944,-0.18098482,0.35972947,0.16443574,0.0033996683,0.04995332,0.02966721,-0.0408315,-0.14111377,0.02887192,0.36464807,-0.1279591,-0.08692364,-0.0016071759,-0.92715585,-0.40402442,-0.11581406,-0.043737784,0.062409155,-0.18757792,0.05447158,0.056327794,-0.1538527,1.127881,-0.24025328,1.7375679,-0.07574241,0.041332603,-0.6621266,0.0033622994,-0.034125756,-0.04883623,-0.0004660184,-0.4177093,0.036929894,0.15336506,-0.1256066,0.014095366,0.15599225,0.09464376,0.021300936,-0.043370783,-0.03055279,-0.11480309,0.31303173,1.9065559,-0.051724494,0.431849,-0.06715619,-0.14656056,-0.08270718,0.014444448,0.007482603,-0.14761214,0.28884733,-0.033258677,0.025684524,0.09510671,-0.13496661,-0.9002923,5.374721e-05,0.15648882,-0.27069968,-0.35181662,0.19984213,0.27158198,0.3818777,0.048299767,0.2510288,0.021740995,-0.13255617,0.08782336,0.25277317,0.0897114,-0.024497407,-0.016270109,0.079944536,0.28807288,-0.053147834,-0.026350535,0.13518272,-0.16755927,-0.029596068,-0.054315045,0.17012367,0.13350143,0.017276011,0.53874,-0.035650924,-0.03035641,0.062761016,0.0873741,-0.001678396,0.5308388,-0.13395752,0.0316772,0.028479015,-0.14941986,0.012044828,-0.00776428,0.019594189,0.17209709,-0.002354063,-0.07838234,0.12393134,-0.15493594,-0.41116846,0.3518954,0.19072668,0.12179223,0.07475411,0.04475774,-0.02723521,0.05599807,-0.023211092,-0.094893925,0.054140538,0.10067793,-0.19176629,0.025778787,0.115070015,0.41521424,0.54878277,0.30352464,-0.20406154,-0.16150819,0.08468504,-0.1545555,0.1408053,-0.13726175,-0.004361868,0.039304778,0.004791796,-0.7247804,-0.22949967,0.06841147,-0.3648811,0.3018752,0.25940993,0.076303124,1.1606803,-0.10109016,-1.0087693,0.13133878,0.24336989,0.34220275,0.33023518,0.19702575,0.29656386,0.122599624,0.10589387,-0.11788818,0.042192973,0.18779993,0.21019647,0.03601511,0.0877322,0.04240016,0.20772493,-0.14927678,-0.06967841,0.2463907,0.13205948,-0.07219615,0.30023262,0.06539914,0.052635223,0.30748832,0.4226758,-0.13049185,0.4426326,0.042681307,0.06838022,-2.3861687,-0.031821832,1.2917244,-0.05822611,-0.04414364,0.03573151,-0.027785867,0.18502036,0.1353656,0.24132779,0.2316813,-0.046393067,-0.05881314,0.04190263,-0.009326294,0.19974601,0.10949008,-0.32498273,-0.16750258,0.0054037385,0.31314775,-0.23297317,-0.29399514,0.15461123,-0.09197441,0.017408118,-0.037129156,-0.014678966,-0.07780754,-0.25380653,-0.20737708,0.39099482,-0.063828,-0.032448202,-0.013743617,-0.07217914,0.11516914,0.0646669,-0.04866757,-0.14229026,0.20690908,0.11448139,0.051173292,-0.049309574,-0.043901537,0.4578078,0.04907178,0.40036646,-0.075170785,-0.054288477,-0.03274727,0.3157722,-0.032332502,-7.561624,-0.02952905,-0.12554386,-0.22149256,0.02253137,-0.2352877,-0.12351902,-0.014705984,-1.3712498,-0.011884123,-0.007880125,-0.31185696,-0.08092821,0.2522137,0.049360484,-0.01061704,0.06062021,0.17775688,0.042136654,-0.13566016,0.26787654,0.1284038,0.023897588,0.2265339,0.6416447,0.2117171,0.09016479,0.03258501,-0.16837354,0.16581243,-0.11426562,-0.43335882,0.07101043,0.07016391,0.27312952,0.08681938,0.04392527,-0.095700935,0.04072877,-0.2441005,0.06413138,-0.012020141,-0.09119302,0.24910004,-0.057658017,-0.057733636,-0.009558383,0.11697708,-0.09653788,-0.06509201,0.060206547,-0.3475412,0.20657611,0.07863103,-0.2003067,0.6632099,-0.022322517,0.22068726,-0.079773724,0.124079645,-0.018749276,0.3101815,0.08255419,-0.09285304,-1.9787483,0.2537342,-0.008178461,-0.0025731884,0.059265316,0.08886597,-0.03314577,0.025192332,-0.19604921,-0.2642722,0.0010550357,-0.3283162,-0.7409582,0.019359127,-0.11884311,-0.019421956,0.015106769,0.044376127,0.7044582,0.00080844015,0.041751005,-0.101079226,-0.09974606,-0.08068845,-0.057297114,0.13883656,-0.024602234,-0.38034272,0.0879867,-0.082337745,-0.023755573,-0.08213059,0.12335429,0.07887989,-0.04065889,-0.102127224,0.15997711,-0.085296184,0.045172937,-0.2885953,-0.060058136,0.47371548,-0.17804357,-0.16708124,0.12977687,0.40422192,0.0015704744,0.13275458,-0.2249135,-0.19558662,-0.1317713,-0.29417157,0.082871206,-0.15467572,-0.0037680864,0.17845906,-0.16036417,0.024818674,0.066415556,-0.17635186,0.40391067,-0.14651872,-0.44816253,-0.2085649,-0.021678567,-0.11719082,0.04102011,-0.0094578415,-0.08289148,0.029031955,-0.04342518,0.16523467,0.19942085,-0.048324592,-0.019984955,0.12936889,0.41428074,-0.13302581,0.10137118,-0.17913929,-0.05090819,0.3349067,0.10837858,0.058989093,1.1539568,0.101012275,-0.006556079,-0.101318374,0.16999178,-0.17942679,-0.38032162,0.031389344,1.9068824,0.23046906,-0.016722366,1.303525,0.0030310154,0
0.038877685,-0.0012396052,0.13089402,0.1824368,0.059476137,0.49053547,0.739484,0.17704141,-0.07345595,2.164259,-0.035533905,-0.044976853,-0.34009367,-0.022090632,-0.20139155,-0.07488082,0.25935823,-0.07204965,0.09879862,0.06290913,-0.1608797,-0.12943138,0.31322128,-0.26013428,0.13119335,-0.14483103,0.24730654,0.10724923,0.34773162,0.044569075,0.27889484,0.11712845,0.08563537,-0.0039701276,-0.22040924,-0.07680294,0.05752395,-0.13148355,0.02846634,0.04978726,-0.09193058,0.51538086,0.3693396,0.040987033,0.07779437,-0.11159234,0.002659887,-0.22171691,0.2090872,-0.33841005,-0.017812595,-0.21067439,0.0880956,-0.075629935,0.38775784,-0.0819104,0.05625283,0.07573098,0.039094742,0.0060433354,-0.35394606,-0.18866245,-0.11852948,0.38700393,0.31874868,0.20696399,0.18620288,-0.24679469,-0.06376619,-0.060290374,-0.028538534,0.074956395,-0.04083109,-0.063326105,-0.11156689,0.011140214,0.07607429,-0.1208348,0.060935922,-0.026739687,1.9984099,-0.27642485,0.06817838,0.13126959,2.198676,0.2530087,-0.1411224,0.08449986,0.048166715,-0.35043764,0.1447945,-0.057054266,-0.08923362,-0.050724417,0.0035538487,0.09102974,0.1714685,-0.15941337,-0.6034596,-0.22141598,-0.07267958,-0.005979562,0.23404053,-0.44767368,0.2866974,-0.007630229,-0.20188542,-0.28635174,0.03309962,-0.1506009,-4.5364127,-0.050792232,0.07034817,0.021541204,0.26215357,0.13687384,0.030290551,-0.08433432,0.096330784,-0.3332301,0.1670829,0.18581378,0.022030514,0.12465802,-0.24184628,0.0569738,0.009076923,-0.05982069,0.19830498,0.285127,-0.14186773,-0.14521262,0.03286853,-0.31907564,0.17833728,-0.098162025,0.013220403,0.40883878,-0.17028487,-0.08804158,0.012063406,0.07436259,-0.016905423,-0.006598681,0.4192441,0.05597425,0.049538318,0.12146619,-0.058722135,-0.09836045,-0.6900391,0.03827041,0.018048555,-0.045611173,0.10559106,0.25338638,0.07914269,0.096345976,0.097561084,0.07169657,0.14208412,0.2534681,0.1949336,0.08484612,0.0068828464,0.11112874,0.24406484,0.2604103,0.20424126,-0.03435459,-0.061645314,0.12590577,0.11121358,0.06243573,-0.031106047,-0.044580135,-0.6206264,-0.003583502,-0.19137552,0.3317603,0.35185778,-0.24702968,-0.047243662,0.6618612,-0.34455445,0.67761046,-0.08704092,0.27221593,-0.058902003,-0.22965649,-0.029437989,0.1311664,-0.013579097,-0.08349942,0.07663379,0.14492685,-0.04363215,0.073124714,0.13288695,0.24140732,-0.0141854435,-1.2603632,-0.06241727,-0.04805717,0.09809822,-0.011108017,-0.026716309,0.048802987,0.012213625,-0.1318242,0.076726586,0.088834845,-0.018648155,-0.20021605,0.2995181,0.03861001,0.16048428,-0.043730333,0.0009336723,-0.051591814,0.15969533,0.5079225,0.040849417,-0.033484884,-0.040101003,-0.0007346682,0.5364884,0.12198393,0.33560154,0.17250788,-0.19713561,0.06501126,-0.2762499,0.1185151,0.044400074,-0.044298396,0.03493519,0.059016373,-0.1975599,0.1285252,-0.2919948,0.031326305,0.05776599,0.0024034088,-0.0049128756,-0.031489983,-0.016452283,-0.086911924,-0.27173558,0.38314483,0.15627256,-0.14485545,-0.34953016,0.24982147,0.03326431,-0.029913917,0.1872524,-1.1251333,0.10658999,0.29560292,1.6897078,-0.33118957,-0.041166753,-0.8317763,0.48077434,0.48775738,-0.3119875,-0.109061934,0.16840598,0.2230586,0.2958758,0.0033935392,0.17786941,-0.04534572,-0.15288869,0.66858864,0.100924365,0.0379063,-0.07096095,-0.040215038,0.050405413,0.051498614,-0.025067354,-0.03506686,-0.30685622,-0.013069231,0.08085619,-0.17359903,0.461466,0.357095,0.028561614,0.09978329,0.07805526,-0.1707421,0.03423088,0.06957008,-0.03585463,-0.06337972,-0.08107124,0.001738973,0.015532404,-0.08313882,0.18070489,-0.3319838,0.10555375,0.0122936275,0.0033677071,0.019651838,0.15570514,-0.18650636,0.16326262,0.5635833,-0.11674708,0.13263105,0.06282287,-0.31774926,-0.46199152,-0.4418389,-0.030736238,-0.039969377,-0.17053002,0.046925213,-0.051004596,-0.028858665,0.5691905,0.40695956,0.10506222,-0.012792535,0.22875029,-0.16139972,0.0021101627,0.18290137,-0.1354613,0.19188409,0.56085575,-0.95102024,0.09164062,-0.047254756,-0.33238813,0.027273469,0.08537659,0.051050197,-0.04179512,-0.21904017,-0.1588742,-0.08498957,0.22603476,0.09622264,0.025937483,0.043790713,-0.17737156,0.28180426,0.02620294,0.1852545,0.3279225,0.07360144,-0.13148835,0.021445394,0.03806131,0.16312297,0.018438838,-0.08847303,0.11949731,0.79079485,0.050616547,-0.015184872,0.078438036,-0.016223626,0.103222996,-0.38355398,0.34211606,0.10370717,0.0058443993,0.1627115,0.083605394,0.4016407,0.3113241,-0.0018795468,0.6376703,0.0025642512,0.060703345,0.04908603,-0.09456134,-0.24569759,-0.13219523,-0.031116307,0.35200486,0.12341003,0.0016101691,-0.0961018,-0.2541263,-0.043580987,-0.23935257,0.037116617,0.15324447,0.0279321,0.083041266,-0.33347,-0.4175771,-0.13061024,-0.11060904,-0.011669185,-0.34022486,-0.49745482,0.21564052,0.003783442,-0.31967348,-0.17823336,0.30126852,0.018813483,-0.24989942,-0.18170133,-0.22789313,2.5298123,0.06493047,-0.27199432,-0.21255349,-0.0120441,-0.05306176,0.62484056,-0.45009625,-0.0047743637,0.0131368525,0.017170731,0.0064980984,-0.17902838,-0.0922658,0.051185615,0.17213082,-0.042965453,0.12775292,-0.100203894,-0.11266175,-0.13690442,0.2340544,0.12655374,-0.021204889,0.07007381,-0.32400966,-0.17634599,0.38293785,-0.022258006,-0.429893,-0.38290614,0.15124282,0.75064224,-0.0368144,-0.031130224,0.023563117,0.18515003,0.040113356,-0.41572767,0.015858162,-0.6257076,0.028636403,0.051283643,-0.22120804,-0.12080945,0.24761626,0.08255732,-0.2455237,0.32594344,-0.16170973,0.18649907,0.11458502,-0.12433897,0.049644046,0.26342583,-0.2998051,0.55636466,-0.3432038,-0.32656503,0.22115546,0.023975596,0.051736157,0.31407395,0.17826258,0.011730161,-0.10698579,-0.06479065,0.09653412,-0.17463964,-0.025208548,0.030497242,-0.011784032,-0.051504217,0.2704839,-0.55687624,0.21818107,0.08070792,-0.0045251213,-0.0007064837,0.15349145,-0.053338088,-0.33442974,1.7035307,0.14688087,-0.59344566,-0.09096852,-0.39058354,-1.5025506,-0.21084048,-0.08549242,-0.23149943,-0.9510631,-0.22444114,-0.23974013,-0.06532373,-0.32912496,0.25366408,-0.37744018,-0.16576025,0.08297391,-0.5122276,0.16506334,0.032463312,-0.45164585,-0.09901802,0.5890963,-0.04090166,-0.05192,-0.63195544,-0.042410627,-0.11979434,-0.008663163,-0.01216685,0.18969667,0.1664184,-0.4177676,-0.012369551,0.07584764,-0.053143784,0.033624306,0.17044389,0.059707306,0.20835938,0.019614115,0.0773658,0.07141601,-0.09338793,-0.042913646,0.0021447889,0.037998825,0.096314706,-0.15014875,0.1255315,-0.0027645314,-0.46091482,0.019010166,0.00022652373,0.020808227,-0.14527173,0.099616274,-0.23424493,3.9098784e-05,-0.043714914,-0.0006795957,0.26483613,0.00761801,0.14713156,-0.31790864,-0.06964668,-0.0075243562,-0.031363867,0.044609647,0.20728743,0.037152097,0.3166887,0.027904876,0.19293259,-0.40144032,-0.27426517,-2.8559241,8.623062e-05,0.31530637,-0.6627129,-0.01455326,0.20178194,-0.080771595,-0.043300435,-0.00039883703,-0.10523184,0.16162495,0.22667229,-0.3748132,0.06328701,0.07437956,-0.14854498,-0.0011736788,0.13878587,-0.1601898,-0.33644447,0.270937,-0.023897752,-0.37272367,0.026259817,0.0445723,0.5762891,0.074437864,0.5352241,-0.093590125,0.0023780975,0.113514796,0.051801465,-0.16273099,-0.0679788,-0.093653396,-0.027989088,0.12052953,0.04418461,-0.19238943,0.33943,-0.24583495,0.06376359,-0.24257523,0.23831189,-0.10473318,-0.10232129,-0.37080878,0.13760132,0.03875335,-0.07935183,-0.14421818,-0.18310805,-0.08723711,0.021491524,0.10828073,1.402877,-0.054486733,-0.14720103,-0.054494567,-0.06985389,-0.13048096,0.30901688,-0.23635003,0.53682435,-0.084998064,0.12464737,-0.2789086,0.30723515,-0.12097412,0.0041101724,0.013792117,0.17324315,0.00745894,-0.1941422,0.13269849,0.5221603,-0.10203195,-0.0072409017,-0.21468033,-0.67870057,-0.24107382,-0.0997438,-0.1096117,-0.018064663,0.033844948,0.10684551,-0.036087513,-0.14444019,1.1652678,-0.28177708,1.9791318,-0.113231,0.0318528,-0.5513395,-0.0068280436,-0.017977636,-0.14547597,-0.00037906744,-0.40445778,-0.058072805,0.079655,-0.1468105,0.08987653,0.20592712,0.09262149,-0.11335626,-0.036660075,-0.08012537,-0.0679457,0.34125638,1.715195,0.028755357,0.4799286,-0.110682376,-0.00023029745,-0.13353026,0.14614834,-0.044327624,-0.079796314,0.29415008,0.31121236,0.14871366,0.16214898,-0.13600041,-1.8022242,5.0355415e-05,0.110775314,-0.3845833,-0.50468373,0.36104882,0.27405822,0.38595146,-0.088108435,0.29790813,0.052459456,-0.019680679,0.037666254,0.19149882,0.028147966,-0.100086,0.18762526,-0.007346306,0.38343284,0.00753868,0.071557745,0.2738958,-0.08258857,-0.06636624,-0.07463482,0.3692041,0.13243029,-0.032082047,0.65946984,0.11371614,-0.027868746,0.056509305,0.12539762,-0.11701101,0.4825728,0.28544492,-0.014704092,0.03221241,0.03359449,0.007528358,-0.017600227,0.11410813,0.14243901,0.108962834,0.044368103,0.17799276,-0.0019351542,-0.4446895,0.4150005,0.15164879,0.06696827,0.032259304,0.17550668,-0.077718325,-0.014211435,0.08206835,-0.20903873,-0.031039499,0.11516764,-0.16489941,0.044513755,0.19655132,0.4001855,0.57389915,0.13537942,-0.45818746,-0.2226061,0.11825677,-0.29103833,0.19810969,-0.2498821,-0.05830042,-0.0431346,-0.17123622,-0.5108549,0.1882246,0.08182192,-0.47248945,0.9479705,0.44900596,-0.019674595,1.1392416,-0.24139266,-1.0959085,0.23370612,0.21470729,0.6616769,0.3297091,0.379935,0.04154381,0.1373704,0.13644776,-0.07514621,-0.029842686,0.14794748,0.048073594,0.08986438,0.08685607,0.02552763,0.0952896,-0.09523547,-0.09337372,0.17860809,-0.01464691,-0.020546839,0.311955,0.022162411,0.03903666,0.3104169,0.66619265,-0.101474985,0.43270764,0.034502495,-0.03545957,-2.9191227,-0.10202412,1.3894912,-0.03122183,-0.076855876,-0.09215279,-0.14535445,0.1812107,0.19015498,0.2965059,0.059966646,-0.061872873,-0.06304738,-0.09423593,0.022707425,0.22649643,0.011096261,-0.13011542,-0.17564617,0.0260703,0.34330222,-0.24264199,-0.20958677,0.17205396,-0.0073109716,-0.09701849,0.08592864,-0.0580544,-0.02634681,-0.29998603,-0.46810287,0.15612021,0.04610503,-0.103321224,-0.09113876,0.0057750493,0.177138,0.027960649,0.021687262,-0.22061099,0.30212632,0.018089876,-0.0065609235,-0.08729105,-0.039660715,0.41456586,-0.065586925,0.34513137,-1.6093254e-05,-0.11499339,0.021245964,0.5744543,-0.032121558,-8.526941,0.009580359,-0.059245683,-0.35845616,0.08679902,-0.110347874,-0.21750376,-0.04735606,-0.934569,-0.018829606,0.04478167,-0.2201803,-0.17012835,0.20901725,0.0842103,-0.04963477,-0.0008599162,0.20440781,-0.1821677,-0.054177046,0.1436615,0.25345117,0.045023143,0.33896276,-0.037899494,0.19356084,0.019055456,-0.015531186,-0.20890513,0.19334361,-0.17979136,-0.5705458,0.2596331,0.037550807,0.345766,0.09328354,-0.04781477,0.098572806,0.092466444,-0.27047074,0.116107136,-0.03003326,-0.15192194,0.16291985,-0.08064793,-0.19073807,0.16582485,0.21146466,-0.17341086,-0.2046149,0.08544149,-0.26370096,0.18795112,0.09073265,-0.020470083,0.6696668,-0.120939806,0.17861933,-0.12485266,0.1293905,-0.009215985,0.2505483,0.22599441,-0.020607725,-2.000932,0.3061389,-0.06010095,-0.0020028073,0.109856635,0.06832,-0.03809144,0.0721466,-0.22414815,-0.18699233,0.057661094,-0.59900504,-0.6116866,-0.038761392,-0.35635626,0.013205865,0.06456683,0.16115534,0.87980926,0.11470068,0.07683471,-0.23127803,-0.18032843,0.010565922,0.08685633,0.15278924,-0.09636668,-0.4918288,-0.075277895,-0.30509076,-0.15923956,-0.18296361,0.14754018,0.061582122,-0.07644874,-0.039661482,0.2608551,-0.08305511,0.066040315,-0.0760848,-0.04453323,0.4138228,-0.16756558,-0.1020859,0.13157062,0.33713517,-0.046043932,-0.020515054,-0.12863776,-0.0578819,-0.22066061,-0.36364427,0.18030861,-0.19314763,-0.01608746,0.1648187,-0.34902388,0.01260935,0.017635996,-0.28876778,0.7326145,-0.06419964,-0.22105467,-0.2422331,-0.08941071,-0.17275497,0.060708772,-0.008364275,-0.1657447,0.11203978,-0.1029897,0.20288786,0.014547699,0.08624552,-0.12612699,0.18031053,0.56818455,-0.17712802,-0.006329268,-0.13938084,-0.028696325,0.08859201,0.11699578,-0.11931516,1.5115623,0.116092205,-0.033168275,0.21694359,0.16799287,-0.016001545,-0.3884809,0.07187273,2.6012495,0.20752266,0.10057017,1.2806473,0.011537753,1
0.03140335,0.03466517,0.22378144,0.16164207,0.4987055,0.19815993,0.6276929,0.046256028,-0.09460337,1.5399423,-0.032328155,0.0050254203,-0.4795801,0.0621073,-0.22167093,-0.073013246,0.13710442,-0.0634262,-0.062389303,0.02773413,-0.26847446,-0.049106427,0.39242023,-0.31959304,0.18805915,-0.25340733,0.2461509,0.12825353,0.2854898,0.02710275,0.022836663,0.112523705,-0.061671242,0.005386442,-0.28894073,0.0048630685,0.07552925,-0.113205,0.043794677,-0.1190919,0.010965448,0.39959288,0.315422,0.03907184,0.01626984,-0.17506552,0.06626907,-0.11849545,0.0024980493,-0.35397795,-0.13682343,-0.42545292,-0.07691813,-0.026816677,0.31460837,-0.051531292,0.107736714,0.3331869,-0.0062296055,0.0024623089,-0.40377292,-0.065935634,-0.04781598,0.41408235,0.1823959,0.0005172193,0.10931992,-0.36944383,-0.06215142,-0.061639767,-0.15516905,0.049625684,0.036497355,-0.056440555,-0.15625179,-0.019833203,0.18282747,-0.18960015,-0.057514057,-0.14869642,2.2621994,-0.18613017,0.09697526,0.14259116,2.4946327,0.19171265,-0.1569622,0.040762067,0.117779516,-0.23980995,0.03193941,0.03720297,-0.2655154,-0.04344278,-0.06265767,0.12663075,0.14892258,-0.11323146,-0.7344763,-0.033046827,-0.034969755,-0.07511402,0.28575265,-0.20986366,0.24359499,0.0013684034,-0.122005045,-0.22606345,-0.02450532,-0.1490749,-4.7319665,0.053873345,0.060957648,0.0382715,0.22707844,0.1007673,0.0373222,-0.012647346,0.07727246,-0.4641286,0.06751733,0.11874976,-0.008478053,0.096628755,-0.17880209,-0.042069316,0.0054986477,-0.12898435,0.121380314,0.38716218,-0.14509334,0.007371962,-0.03898614,-0.16207713,0.15203935,-0.23726039,0.020404357,0.44197956,-0.09537903,-0.063886106,0.04331226,0.0878314,-0.06824965,0.15251708,0.2753003,-0.08049572,0.087798536,0.12833917,-0.1040131,-0.062804736,-0.41362247,0.077319786,-0.031761732,0.099758506,0.12820922,0.27176192,0.0862515,0.14796618,0.063212365,0.0060703456,0.015391761,0.24820194,-0.031492878,0.06251027,0.08444314,0.23271267,0.14039294,0.29100072,0.2427347,-0.09698793,-0.021712042,0.13761039,-0.1416741,0.09346798,0.010337323,-0.0017815623,-0.58715403,-0.096680015,-0.35740796,0.27181518,0.20647836,-0.3405676,-0.16005933,0.7136022,-0.40529603,0.21601295,0.033954307,0.21083733,-0.061431494,-0.10798409,0.020273807,0.14099665,0.011647634,0.049466826,0.12213094,0.122062825,-0.17120692,0.08321467,0.06656325,0.24684915,0.0028738827,-1.2946025,-0.09995315,-0.054005563,0.033195943,-0.28482622,0.03583739,0.12239206,0.0148450965,-0.11241059,-0.026353154,0.14141232,-0.06630725,-0.0665626,0.16527855,-0.0015299581,0.25622717,-0.022853237,0.00093051506,-0.06850513,0.2188797,0.39210832,0.22237082,-0.052919663,-0.0681773,-0.026817296,0.7475729,0.099916615,0.3204106,0.20746955,-0.36600125,0.075851776,-0.22438565,0.038961757,0.09810275,-0.03115775,0.13416944,0.09800377,-0.09923914,0.08614612,-0.13835832,-0.044544242,0.053944416,0.0024071103,-0.0064754672,-0.06090723,-0.056077346,-0.20579337,-0.14649403,0.25030681,0.07984497,-0.16815479,0.02090536,0.20193961,0.13303366,-0.007476367,0.3940547,-0.71578234,-0.067178704,0.26044953,1.2636099,-0.33481756,0.17971738,-0.4170552,0.47857878,0.5033833,-0.039036557,-0.18945213,0.013539625,0.16734445,0.25771195,-0.09138326,0.06321483,0.034386486,-0.12522453,0.47778988,0.11182375,0.13932315,-0.08388081,-0.032790553,-0.055857018,0.087791,-0.14717676,-0.16070823,-0.37821698,0.17756103,0.010691851,-0.21446666,0.33826068,0.341551,0.029654182,0.011305545,0.10580146,0.00551033,0.008888457,0.031096965,-0.09456294,0.13808991,-0.05946736,0.065973595,0.04603149,-0.13661693,0.2450237,-0.381632,0.048544258,0.051917255,0.061497264,0.02524659,0.2276235,-0.09706647,0.17340657,0.5922146,-0.08729984,-0.09691903,0.02067675,-0.19847548,-0.37812287,-0.32179397,-0.08057103,0.12685035,0.03174881,0.1830754,-0.04331817,-0.05225703,0.62731355,0.32969594,-0.007973164,0.02284918,0.2514353,0.16566992,-0.018570568,0.0620829,-0.16169533,0.18942975,0.46771672,-0.8275857,0.038010385,0.015995627,-0.25419247,-0.11051543,0.11416346,0.03418461,-0.18551788,-0.20724231,-0.05323199,-0.14959234,0.2493469,0.10333825,-0.05385904,0.07660222,-0.1665606,0.56428605,0.01788728,0.12100967,0.654153,0.0094086975,-0.13166773,-0.004548967,0.1083518,0.22232458,0.026549377,-0.10464694,0.09652217,0.8517382,0.05689809,0.031504866,-0.019971065,0.008243111,0.15478434,-0.16479164,0.9171779,0.064018354,-0.05876658,0.034794107,0.12799956,0.46030292,0.2882771,0.008319616,0.360734,0.0027313095,0.04960874,0.093765825,-0.11812834,-0.22968759,0.14100584,-0.101092234,0.48787022,0.11519818,0.0016001193,-0.18141383,-0.11972117,0.04150438,-0.14558044,0.034745414,0.16518736,0.023290835,0.017036665,-0.32419807,-0.5904534,-0.21524322,-0.14934732,-0.072599046,-0.16431642,-0.17896596,0.20426553,-0.016045418,-0.39039728,-0.13127646,0.15580657,0.09809955,-0.14648582,-0.08663622,-0.18879485,2.2489939,0.043619163,-0.17296623,-0.1456877,0.0490576,-0.15034226,0.4927645,-0.16229233,-0.041882418,0.036494873,0.028362717,0.0051427037,-0.008640319,-0.109529264,0.09961945,0.15102874,-0.18857527,0.17759198,-0.013881505,-0.017267488,-0.15016648,0.21092306,0.069985494,0.2587763,0.07121001,0.048505604,0.061316688,0.28574535,-0.22019114,-0.32235953,-0.4632894,0.07765834,0.36379775,-0.0665769,-0.043133125,-0.0073242113,0.32664716,0.13005438,-0.39224547,0.03246609,-0.4776322,0.05323911,-0.16661534,-0.13538033,-0.106443375,0.28137705,0.032927137,-0.20603509,0.20880137,0.111341536,0.2779805,0.09325089,-0.07975957,-0.06907858,0.11063443,-0.50448346,0.44785452,-0.32359517,-0.24527663,0.15911156,-0.054782048,0.019980453,0.22534162,0.14020196,-0.06993195,-0.0904744,0.08801094,-0.10198865,-0.12609476,-0.059223596,0.1435033,0.002318807,-0.2826314,0.1704605,-0.52406347,0.12866607,0.08503449,-0.0033587804,-0.0007430945,-0.121619314,-0.0904994,-0.316558,1.5594232,0.048305407,-0.34174088,-0.17102951,-0.23128086,-1.4082329,-0.18435833,-0.0059422622,-0.32452196,-0.80573606,-0.15123451,-0.18837589,0.011553496,-0.057635017,0.30820352,-0.17849019,-0.24868998,0.11460681,-0.5059024,0.19709076,0.050056636,-0.3717529,-0.105871834,0.760986,0.08701748,-0.115170255,-0.37442303,-0.048913952,-0.13618672,-0.06943861,-0.0011866502,0.32575464,0.108968794,-0.48303506,-0.0066243634,0.17814912,-0.09451999,-0.018375158,0.08569966,0.18257646,0.23126417,0.09701646,0.0038072094,0.04505179,-0.08259731,-0.06078882,-0.011763994,0.08174961,0.097876355,-0.025269136,0.09004687,-0.056455467,-0.2803139,0.051812433,0.09151446,-0.11680383,-0.116311476,0.07010404,-0.11491482,0.025399385,-0.013229042,-0.0005812198,0.14980778,0.0072667003,-0.091653585,-0.025886089,-0.03610681,-0.027313825,0.035496503,0.010498738,0.20104966,-0.039740786,0.2567526,0.019242957,0.203357,-0.43653357,-0.23624888,-2.5219994,8.554284e-05,0.15939784,-0.59673077,0.07524063,0.10712084,-0.14454372,0.05049616,0.18412204,-0.0059599727,0.09199306,0.14139488,-0.5628177,0.17372575,0.090543255,-0.26203147,0.011553276,0.1325385,-0.06584738,-0.1299417,0.13649502,-0.047968537,-0.38095388,-0.075730816,-0.02961599,0.47587696,0.1021605,0.3940557,-0.10365807,0.0020592404,0.20299712,0.16578102,-0.37102354,-0.09049508,-0.028283142,-0.017802075,0.058075145,0.13727042,-0.19680053,0.08388051,-0.07356,0.16448092,-0.15510269,0.18281999,-0.0055689327,0.14283441,-0.24005172,0.11540509,0.051401727,-0.0865102,-0.14641298,-0.21321544,-0.031914834,-0.11105912,0.06346521,1.0339535,0.032973707,-0.1027287,0.02100816,-0.047995184,-0.17792925,0.22768272,-0.5462593,0.67594457,0.0514723,-0.005642861,-0.13134588,0.45087993,-0.03491208,0.031467702,-0.015172906,0.09536067,0.028569631,-0.101802155,0.10646936,0.68584776,-0.07296708,-0.07065013,-0.094759196,-0.92672503,-0.30625805,-0.13440533,-0.023571841,-0.027785398,-0.06939182,0.007355284,-0.015141226,-0.015308522,1.0437374,-0.1558774,1.9659624,-0.29540163,0.024920367,-0.5551336,0.037921913,0.036903225,-0.10751875,-0.00043070441,-0.2984166,-0.02404648,0.096267015,-0.19729885,0.027680099,0.16233626,-0.016717603,-0.0781879,-0.05153866,-0.11393416,-0.0788296,0.3582887,1.5912029,0.01484335,0.5598454,-0.08191417,-0.14237522,-0.17640696,0.1877256,0.02260238,0.09611095,0.23124436,-0.13900921,-0.014873154,0.20930621,-0.113455,-0.589238,5.1630268e-05,0.11627136,-0.39195597,-0.340048,0.39449662,0.26225278,0.31409496,0.0007633213,0.20920941,0.103626646,-0.11973183,0.12467116,0.28066728,0.12746793,0.10224049,0.107018225,0.025089283,0.3540118,0.014241559,-0.0037322566,0.26505774,0.02848061,-0.18470104,-0.07951318,0.1800777,0.12611285,-0.04095669,0.42018571,-0.048975036,0.055781286,0.008844275,0.11573726,-0.009859227,0.36042273,0.059716143,0.042124826,0.08943072,0.045982808,-0.04934048,-0.14274293,0.12638809,0.13964641,0.047243144,-0.0010534562,0.14030023,0.11240258,-0.26314437,0.3296436,0.2849932,0.03987252,0.038980737,0.047528952,-0.08683281,0.047792014,0.07778036,-0.12534449,-0.009708226,0.08874692,-0.18773437,0.15232745,0.09205215,0.35303417,0.28115004,0.32447568,-0.182639,-0.10039757,0.095977336,-0.17496178,0.14806978,-0.07929158,-0.119819805,-0.06716189,-0.07144129,-0.751427,-0.23924884,0.053993553,-0.30570596,0.52803004,0.41335663,0.023224179,0.99035406,-0.254039,-0.96485895,0.26711532,0.22456254,0.33717325,0.3384063,0.20810719,0.10771254,0.122201346,0.073539875,-0.014117256,0.008495871,0.20898418,0.1371083,0.12055435,0.087124355,-0.05230476,0.35644898,-0.019231819,-0.0452777,0.20082831,0.17909041,-0.027514279,0.23009351,0.020574078,-0.009750376,0.47285932,0.6780957,-0.17062055,0.14368622,0.04115937,0.019996129,-2.2551365,-0.024183132,0.57393533,-0.056599677,-0.04817014,-0.07237185,-0.057723396,0.2840145,0.24843985,0.23094249,0.096008204,-0.102446094,-0.18202965,0.060191922,0.0033822432,0.24003124,0.124943584,-0.20658712,-0.27084032,-0.0884904,0.23050742,-0.2201094,-0.21232462,0.30364373,-0.050971642,-0.012204245,0.077217154,-0.04462522,-0.018946439,-0.1556109,-0.3574522,0.21205577,0.08648734,-0.10260892,-0.07008641,-0.10795228,0.1658538,0.06530103,-0.006247144,-0.1585825,0.09705779,0.036005862,0.019237839,-0.10160023,-0.06823151,0.3939416,-0.12785186,0.40160257,-0.017599717,-0.053906493,-0.029158577,0.32030684,-0.040592328,-7.6418357,-0.04977771,-0.07632205,-0.28744718,0.117004655,-0.1544451,-0.08147907,-0.076916255,-1.2897114,-0.026447423,0.023983698,-0.21374029,0.0041900724,0.22916657,0.042321183,-0.010587223,0.0027626604,0.1171253,-0.12807338,-0.118185684,0.12775727,0.2769437,-0.03375305,0.2577123,0.6009786,0.24202877,0.08504686,0.0021049771,-0.18582833,0.093708135,-0.16071731,-0.48886508,0.09847437,0.05809672,0.34257331,0.064947486,0.06139311,0.068377085,0.055093534,-0.1871019,0.054736987,-0.022453632,-0.05011169,0.14881742,-0.03913314,-0.21705887,0.14685267,0.07433364,-0.14521262,-0.13998725,0.04484023,-0.3947299,0.16132739,0.079829805,0.05936881,0.6883408,0.06383775,0.18202513,-0.09918834,0.23122163,-0.011971968,0.20112208,0.16101857,-0.03383378,-1.990002,0.25252783,-0.024481121,0.005144501,0.09366487,0.09226538,-0.053474702,0.038229056,-0.11605651,-0.2532265,-0.049295723,-0.9227148,-0.46352297,0.02485396,-0.20251346,0.0023683123,-0.1126166,0.042476777,0.87618816,-0.009919502,0.02823409,-0.086789414,-0.08656002,0.061168283,-0.073303156,0.25627193,0.08660391,-0.43206656,0.1971803,-0.17897557,-0.20753703,-0.15533087,0.11005281,0.08076822,-0.12640473,0.02170249,0.2682265,-0.08170351,0.04479207,-0.14152929,-0.044929776,0.53324974,-0.24988483,-0.30876017,0.13724613,0.5045793,-0.031485733,0.0704985,-0.1105597,-0.026464686,-0.21946338,-0.41862568,0.103763565,-0.122211255,-0.03964817,0.17799811,-0.16696241,0.0444614,0.065342724,0.032436166,0.28056198,-0.09511707,-0.2937458,-0.28887528,0.003663756,-0.092993155,0.06459528,-0.003064856,-0.12773924,0.04613022,0.012200985,0.060962986,0.1395573,0.03049804,-0.08504491,0.13836795,0.59009093,-0.047296792,-0.04396784,-0.13967797,-0.07824728,0.30576754,0.13269532,-0.016768128,1.0755321,0.04201871,0.0410231,0.009517621,0.17252927,-0.11342973,-0.21132387,0.03998651,1.9881814,0.21916421,-0.09703612,1.2084725,0.020616475,1
0.032336548,0.027046088,0.14621657,0.14244735,0.3143084,0.4979229,1.2257682,0.081079796,-0.07403658,2.1297152,-0.032590963,-0.051980503,-0.38774097,0.0082816,-0.34307364,-0.07585399,0.2294861,-0.094037615,-0.023527063,-1.0661781e-05,-0.3709286,0.049870677,0.22844553,-0.42488822,0.14706033,-0.30669123,0.2542782,0.14133272,0.34175703,-0.014217008,0.20615914,0.009325683,-0.08906389,0.019740686,-0.41412812,-0.0425151,0.049263503,-0.14538096,0.024115205,-0.18079177,0.02107015,0.31041887,0.30817348,0.20470169,0.054892566,-0.17136115,0.08953156,-0.124452576,0.10595071,-0.37633014,-0.039457172,-0.38169596,0.04199617,-0.07308731,0.28694925,-0.08910653,0.021713976,0.45864597,-0.02163683,0.060913604,-0.32533115,-0.15841699,-0.16101997,0.35290906,0.24804032,0.14057636,0.07626235,-0.36565793,-0.04592149,-0.07487582,-0.10449468,-0.048796684,0.016204774,-0.059317417,-0.09487884,0.027010933,0.16676372,-0.11741273,0.032790683,-0.056120753,1.9917878,-0.18250307,0.14150232,0.23447894,2.040384,0.24968703,-0.16100088,0.04401526,0.07856098,-0.013604566,0.068218514,0.10843295,0.048124775,-0.03912467,0.13117373,0.074571475,0.19253038,-0.05885391,-0.71992385,-0.105451524,-0.05689335,-0.0069022104,0.15864979,-0.17406684,0.22050379,0.05870545,-0.14441794,-0.24178727,-0.001787236,-0.12390792,-5.680027,0.06672242,0.08970483,0.047844984,0.27748364,0.12722027,0.04057563,-0.007277593,0.14984106,-0.363714,0.16369824,0.14670347,0.017377926,0.0581419,-0.20533712,-0.076956205,0.009352542,-0.071319036,0.18156566,0.2727143,-0.17507818,0.020610794,-0.09220992,-0.16535698,0.14996238,-0.24490961,0.007018473,0.51427114,-0.07713202,-0.030936088,0.013142697,0.12684976,-0.023289539,0.09486551,0.40174317,-0.023172393,0.07191059,0.11289298,-0.074764505,-0.112081684,-0.68775415,0.025762655,0.03377548,-0.07845051,0.32069933,0.23470548,0.07813484,0.102993384,0.16782242,0.34951317,0.01692351,0.29485962,0.123914704,0.030354932,0.044086896,0.18395592,0.122224055,0.057071164,0.265903,-0.0683302,-0.008027486,0.16567303,0.0089222845,0.08255978,0.0592852,-0.083714485,-0.6089388,-0.015074659,-0.1944299,0.28967568,0.2325126,-0.31656182,-0.06872293,0.6656314,-0.44588327,0.70533425,-0.038043916,0.26315445,-0.05658019,-0.113942586,-0.01480142,-0.068465225,0.0087211095,0.015060104,0.16308644,0.15992902,-0.047477208,0.084163524,-0.011001738,0.23899467,0.012811003,-1.2551557,-0.045060545,-0.05715123,0.15187916,-0.22393319,-0.025138829,0.033656508,0.00054305606,-0.12981047,0.053997092,0.114625946,0.011507072,-0.085204646,0.2889868,0.005243711,0.08258714,-0.09299047,0.000940189,0.034615234,0.13945258,0.48685434,0.3009268,-0.05235106,-0.223317,0.0025335662,0.47561255,0.09816494,0.13981497,0.17750907,-0.5131164,0.07057743,-0.106157124,0.059090633,-0.012885474,-0.19692731,0.18298498,0.0090306625,-0.35144997,0.14842793,-0.24505526,-0.013929915,-0.031777278,0.002541875,0.012577243,-0.01727561,-0.06302631,-0.089078866,-0.15398827,0.20776635,0.23653793,-0.12828052,0.092598826,0.11573629,0.11213744,-0.038977847,0.3330095,-1.2593404,0.04966889,0.30312067,1.9065046,-0.4058478,0.193287,-0.14958057,0.32768285,0.5417325,-0.27536273,-0.052218825,0.21241724,0.16836348,0.21546558,0.074977994,0.09244105,-0.014493615,-0.19012728,0.38934422,0.13778287,-0.060372192,-0.078923434,-0.02727839,0.03205114,0.085114144,-0.00960806,-0.11321332,-0.33609235,0.12566301,0.04741292,-0.17348635,0.29512107,0.31543046,0.030453242,0.022058848,0.09818528,-0.085918754,0.17134865,0.07163843,-0.0538976,0.09410545,-0.15207388,0.099069424,0.059240684,-0.16408712,0.02755828,-0.44629982,0.13672823,0.06269207,-0.06324254,0.0073287413,0.097108126,-0.23134002,0.06642785,1.056268,-0.11487235,-0.09107408,0.0027516745,-0.28424123,-0.21415691,-0.36693934,-0.03898853,0.10355664,0.046482913,0.13051793,-0.06270625,-0.043687243,0.697955,0.34764147,0.09729956,-0.01605092,0.20100544,-0.11050067,-0.0066887923,-0.02793061,-0.094533086,0.12540565,0.45408434,-1.0401788,0.014083559,0.012516827,-0.13558125,-0.043560594,0.09067234,0.0487971,-0.08994803,-0.3153203,-0.14481679,-0.12768069,0.23740952,0.0044180006,-0.12190679,0.023610793,-0.14850509,0.5356648,0.03606621,0.18287946,0.56674504,0.052075822,-0.0940588,-0.025854498,0.1325149,0.08352555,0.026103366,-0.082707256,0.15041469,1.1679476,-0.002598077,0.0364001,0.026778072,-0.0061332546,0.0846461,-0.65082026,0.50879997,0.06181115,-0.0573802,0.11448348,0.09283177,0.5531843,0.060142748,0.026559744,0.5766986,0.0024483383,-0.004736946,0.046871148,-0.18061838,-0.1900067,0.059378542,0.042818535,0.4746394,0.21762651,0.0016075287,-0.15746573,-0.17272034,0.07232065,-0.15479523,-0.0406335,0.16823679,0.0891293,-0.041403707,-0.31886515,-0.6591334,-0.098630324,-0.13443017,-0.08979255,-0.28195983,-0.3125692,0.28698695,-0.009873629,-0.52732044,-0.12915559,0.115596175,0.106967136,-0.18947825,-0.16243881,-0.23857528,2.4241467,0.020543762,-0.25444052,-0.20479086,0.13612178,-0.07563425,0.67340887,-0.07964988,-0.079969056,-0.0175061,-0.06497848,-0.006915331,-0.26239532,-0.07910108,0.08881396,0.18922445,-0.20285784,0.12350081,-0.029153034,-0.019275866,-0.17588335,0.29093307,0.04802978,0.07440868,0.0633076,-0.45148483,0.028313845,0.4240263,-0.18753687,-0.39190367,-0.46907914,0.12685713,0.6108891,0.009689733,-0.07054393,-0.02101326,0.18410301,0.027773272,-0.42461985,-0.025195077,-0.6803459,0.045352954,0.0027161837,-0.27451503,-0.06927942,0.2926635,0.057456844,-0.2754234,0.14938931,0.099919274,0.1956026,0.16102725,-0.10308055,-0.09291669,0.12845334,-0.65233886,0.51640785,-0.36399636,-0.26923993,0.20092057,-0.10374646,0.06190497,0.14762585,0.26149997,-0.07710955,-0.13611999,-0.023311127,-0.016054602,-0.20223424,-0.09523989,0.022818848,-0.048274115,-0.21005091,0.46791142,-0.7038225,0.11945114,0.10277407,-0.017669972,-0.0006450257,-0.02925662,-0.0010614768,-0.3503772,1.6227202,0.049866658,-0.25049692,-0.16353524,-0.33651632,-1.3685573,-0.29957664,-0.068885334,-0.16252518,-0.8804219,-0.29715776,-0.17128144,-0.071738705,-0.23494034,0.27540356,-0.15873176,-0.21889004,0.12471628,-0.44407225,0.15644476,0.0023393035,-0.58475554,-0.04588746,0.9273665,0.08112903,-0.09527437,-0.30533046,-0.018382076,-0.632344,-0.025779337,-0.055832848,0.25821787,0.14513513,-0.41014415,-0.009858996,0.21211599,-0.029976951,0.011701843,0.13600539,0.1427926,0.33063382,0.13176103,-0.05933859,0.06322065,-0.114780486,-0.06208413,0.021241028,0.11409867,0.08080976,-0.1701459,0.12689501,-0.013053946,-0.27349734,0.0082231015,0.1107863,-0.06616334,-0.16843997,-0.06904049,-0.18553181,0.009993218,-0.06656953,-0.00071804214,0.21939388,0.005481966,0.20188212,0.17848335,-0.028297685,0.04659421,0.037265044,0.0058180317,0.11626685,0.0067446074,0.3481453,0.045156077,0.20548359,-0.57301784,-0.511033,-2.9551494,7.089105e-05,0.16005841,-0.6507066,0.027253695,0.09182301,-0.12759703,0.007530555,0.027900718,-0.027689487,0.10193142,0.24430755,-1.6496993,0.13917023,0.08903103,-0.17293799,0.11054278,-0.04548026,-0.14430445,-0.2498282,0.13371623,-0.031797335,-0.41005492,-0.037337527,0.07815106,0.492635,0.06872934,0.29818162,-0.062216204,0.0022044545,0.18071935,0.34694543,-0.43013948,-0.05853413,-0.043488957,-0.02884311,0.025007084,0.15744743,-0.2385428,0.20939243,-0.11989963,0.23572683,-0.18614116,0.21719763,-0.07045381,0.041989796,-0.19890244,-0.0004935004,0.052371584,-0.12811929,-0.13501485,-0.18586628,-0.07652648,-0.0934907,0.029537294,0.7622142,0.02548649,-0.115533225,-0.054614086,-0.03476958,-0.15960193,0.35672492,-0.49937296,0.6009404,0.014667228,0.12044087,-0.2047371,0.3343315,0.19078475,0.00048803166,0.0036683194,0.11288638,-0.08344307,-0.1518592,0.19799462,0.5510993,-0.09636903,-0.13413367,-0.04731243,-0.7737241,-0.3822053,-0.044222098,-0.054386236,0.06551747,0.114695035,0.05658727,-0.002411142,-0.1694977,1.3374527,-0.31527764,1.6334075,-0.24059744,0.1197825,-0.6425937,0.012559887,-0.03790965,-0.09877998,-0.00041462207,-0.31310177,-0.02937799,0.13037507,-0.09409828,0.06493558,0.16187675,0.044387933,-0.0948178,-0.093451686,-0.0023775958,-0.111379825,0.39840984,1.7709296,-0.08269028,0.3145711,-0.10571921,-0.040153116,-0.12803082,0.21948083,-0.032330345,-0.17604096,0.12508771,0.028190553,-0.011888012,0.16109066,-0.09094942,-1.0023646,4.977878e-05,0.10408011,-0.40144604,-0.44688028,0.4015922,0.22388136,0.37000236,-0.037150756,0.28594303,0.034956165,-0.15654346,0.010019802,0.2660295,0.14526887,-0.04289804,0.07870786,-0.011272825,0.4469582,-0.103616685,-0.031970274,0.26138988,0.0048111267,0.0040407293,-0.08452473,0.3035154,0.20725434,-0.0023934953,0.44838765,-0.0005259365,0.07911075,0.030636914,0.10042653,-0.1478704,0.51190007,0.12662265,0.013811946,0.09148282,0.060497582,0.014387687,-0.024983311,0.081910565,0.10111687,0.09688398,-0.033156008,0.1726328,0.0015343577,-0.54956746,0.45714644,0.29169992,0.08492738,0.056955624,0.12870452,-0.09432339,0.052111953,-0.037459284,-0.13884652,0.039678913,0.095103905,-0.24654707,0.069093,0.08412324,0.4656949,0.57043815,0.15665251,-0.41339588,-0.20948005,0.14552575,-0.18187246,0.1784423,-0.13995408,-0.14593783,-0.085441664,-0.07003525,-0.8059609,-0.15953323,0.057516426,-0.47382298,0.86347383,0.14982915,0.082796864,1.206726,-0.13968489,-0.97930866,0.35674942,0.4442669,0.35202584,0.27081135,0.32451814,0.272967,0.23603229,0.057209074,-0.076197356,-0.029095415,0.15389971,0.18950862,0.0795451,0.16674496,-0.0029567499,0.36880836,-0.09746349,-0.094225004,0.23125061,0.012905598,0.01045385,0.30176088,0.12126975,0.058667652,0.50789326,0.66363597,-0.05849348,0.19226535,0.03776276,0.092279494,-2.8174083,-0.06516738,1.639348,-0.053053655,-0.020070013,-0.009988315,-0.067289375,0.18488282,0.22336546,0.25657502,0.15164307,-0.036935017,-0.15822648,0.050402515,0.016654208,0.14179237,0.09931196,-0.19332877,-0.18733022,-0.0035287198,0.29081637,-0.17384681,-0.22422007,0.2214775,-0.099359296,0.0023291484,0.0023614913,-0.07704835,-0.0119344145,-0.2095388,-0.4165029,0.34791467,0.025019176,-0.098635755,-0.07195979,-0.06333242,0.1452544,0.04772206,-0.051810313,-0.12810282,0.2960341,0.03201712,-0.04310296,-0.18221995,-0.09427615,0.5244945,-0.015248254,0.40597677,-0.018181536,-0.08976031,-0.09077894,0.5078312,-0.061149202,-8.720705,-0.019592755,-0.13047223,-0.36001837,0.06998973,-0.24326427,-0.1344162,-0.08465938,-2.3220723,-0.028602913,0.041544765,-0.38914207,0.024503514,0.2704441,0.062490188,0.24173757,-0.017423704,0.1852194,-0.10584636,-0.07206179,0.31752092,0.3524868,0.11554918,0.5278199,0.444276,0.16731697,0.0351009,0.036942128,-0.22922526,0.23730795,-0.16329384,-0.38157675,0.20919682,0.07154586,0.358756,0.10543757,0.025732864,0.046872362,0.075290486,-0.2224682,0.11729719,0.018993095,-0.0018136054,0.30120343,-0.20399073,-0.18530455,0.20127834,0.09224878,-0.11325185,-0.1754234,0.07998927,-0.36178106,0.17985977,0.0807219,0.163831,0.6837369,-0.03161881,0.25572267,-0.0696025,0.17327419,0.027958404,0.43639985,0.10461079,-0.050208148,-2.0108082,0.36229122,0.0005275458,-0.019817296,0.14463565,0.029389134,-0.0387087,0.13356109,-0.20903583,-0.20709461,0.0032266043,-0.9764106,-0.96054024,-0.075597316,-0.21239133,-0.029330023,-0.09437956,0.17157464,0.92324734,0.11941609,-0.030296627,-0.08866911,-0.075886786,-0.059956968,-0.0116446465,0.1177299,-0.11720376,-0.53420293,-0.06966137,-0.27522013,-0.18450692,-0.21865213,0.17783703,0.08585294,-0.03031227,-0.063556165,0.2891714,-0.10986572,0.012298703,-0.24551877,-0.0360778,0.44055083,-0.28126916,-0.19443019,0.23606566,0.6357609,-0.026342053,-0.034986466,-0.29852024,-0.1251316,-0.23415697,-0.3628859,0.09095218,-0.13886282,-0.02226824,0.17701438,-0.3052552,0.049523212,0.096527226,-0.15530916,0.58879745,-0.16487947,-0.42079723,-0.26670372,-0.033595346,-0.076206,0.041946873,-0.041657686,-0.1963954,0.13411795,-0.048461255,0.26105914,0.18255298,0.078470096,-0.026878823,0.154309,0.5066187,-0.034653306,0.21976128,-0.20858586,-0.054111153,0.2986324,0.015865006,0.011472359,1.2603004,0.08742032,-0.02266642,0.2281088,0.1705423,-0.1453769,-0.64007413,0.04486034,2.3874807,0.26591122,0.060967453,1.0800955,0.017307293,1
0.0179318,-0.016247526,0.15076427,0.14154994,0.09152055,0.42085508,0.7852498,0.113565296,0.048910134,1.4809052,0.001310125,-0.16074455,-0.23911259,-0.041303284,-0.055589776,0.021344211,0.34018287,0.013251565,0.071500786,0.08019382,-0.09741734,0.011519417,0.18759142,-0.3579349,0.13196754,-0.10000782,0.33608586,-0.04172671,0.32674584,0.041270964,0.20602436,-0.07745011,-0.15447444,-0.026218707,-0.206549,-0.07972895,0.14049798,-0.07081073,-0.072272725,-0.057953738,-0.08351946,0.4959245,0.1589694,0.17552987,0.14043984,-0.16713017,0.014907289,-0.2687992,0.107350186,-0.4888423,-0.09154327,-0.24338758,0.28638944,-0.118018135,0.013424488,-0.014871232,-0.12521404,0.01864767,0.11722441,-0.19503367,-0.07373686,-0.15032746,-0.2329469,0.2661331,0.26117018,0.08977913,-0.0149303,-0.31442723,-0.122026905,-0.039643466,-0.07416412,0.045228615,-0.3037593,-0.015390072,-0.10686688,-0.053056173,0.04155083,0.050871864,0.025786037,0.044040486,2.1723244,-0.18881351,0.06740314,0.15792547,1.9396429,0.28235292,0.057093263,0.009792002,0.046683248,-0.39401728,0.052671224,0.053325802,0.049995735,-0.0489098,0.08519378,0.12539774,0.083732605,-0.11278084,-0.54783976,-0.14226738,-0.07776278,0.0366304,0.06247869,-0.23721176,0.05555264,0.08623743,-0.21195853,0.059096932,-0.15465447,-0.13422807,-4.2930803,0.026082724,0.032810286,0.061137084,0.29002357,0.050292604,-0.07545064,-0.06290458,0.18702021,0.007862583,0.04697982,0.12123175,0.044144344,0.101573184,-0.22481337,0.14120509,-0.06712172,-0.12038487,0.16698691,0.39638752,-0.1670981,0.054562688,-0.13582566,-0.014533401,0.16770966,-0.15494266,-0.049184807,0.51292455,-0.10938188,-0.097953096,0.0022919457,0.08621706,-0.048039656,-0.069701925,0.38440707,-0.03563965,0.18506843,0.2363823,-0.05574662,-0.121287905,-0.41794902,0.02293402,0.07852253,-0.06312474,0.3069956,0.09452609,0.09495799,0.06899292,-0.054443806,0.2915212,0.05200832,0.2886958,-0.08651811,-0.052174762,-0.037599415,0.24485464,0.1812116,0.012614518,0.30602914,-0.022353671,0.05486051,0.17851637,0.116777495,0.08955085,-0.332592,-0.017050551,-0.667488,-0.022304751,-0.27322578,0.23650244,0.6870322,-0.060577545,-0.09689932,0.5229496,-0.3072565,0.8258082,-0.04901932,0.15045518,-0.03469657,-0.23006457,0.00776919,0.04296256,-0.014714636,0.08259532,0.19606464,0.068348184,-0.056446664,0.059937827,0.12661998,0.26573184,0.038290597,-0.8930413,-0.025374092,-0.036822684,0.21734692,-0.004627064,-0.004416708,-0.093590304,0.022912018,-0.20581366,-0.020261388,0.08491721,0.13066489,-0.19540125,0.16576144,0.016407723,0.11454409,-0.054601658,0.0008313201,-0.0657325,-0.026918184,0.38341826,0.04146952,0.0032647178,-0.070356496,-0.010759842,0.4199439,0.081993856,0.5084616,0.2561852,0.042462822,0.10434556,-0.023450732,-0.08481893,0.028334014,-0.1234687,0.06979224,0.0554839,-0.15138474,0.05216973,-0.25323373,0.05296837,-0.023325674,0.0024172668,0.040093265,-0.0657006,0.04448531,-0.042517506,-0.1805553,0.34096962,0.10707032,-0.06299817,-0.11268264,-0.029225066,0.094551146,-0.022523098,0.30840668,-0.98426473,0.101400405,0.29301667,1.3793558,-0.1280722,0.26166692,-0.7127794,0.32202756,0.19426954,-0.1807732,-0.08140905,0.22519436,0.0544286,0.28221303,0.14319475,0.031188011,-0.012041278,-0.3790146,0.4149176,0.0661483,-0.017385267,-0.09057259,-0.05328147,0.13958731,0.016355798,0.14257894,-0.23098482,-0.2785049,0.04792174,0.019061647,-0.06569001,0.3928492,0.13796337,0.031705536,0.028108634,0.019443205,-0.11750139,0.15801258,0.07648824,-0.11338504,-0.06546295,-0.20464422,-0.019687157,-0.07290447,-0.24057677,-0.038485207,-0.31254947,-0.046631284,0.13015005,0.0068849176,-0.055603445,0.17504123,-0.19218713,0.2706321,0.8470698,-0.14818497,-0.1579475,0.0905779,-0.4319942,-0.1453273,-0.1811631,-0.15242419,-0.22216116,-0.09371425,0.10930547,-0.06878757,-0.025119685,0.8233057,0.30206114,0.1688089,0.13941655,0.038556084,-0.096652634,0.014210869,0.11838289,-0.098057605,0.13297835,0.2565233,-0.70585835,0.058475472,0.21162778,-0.16007282,-0.08931087,0.03552176,0.029762518,-0.11478531,-0.20648134,-0.13899156,-0.10365554,0.39304692,0.27952766,-0.095289,0.15269329,-0.21610269,0.43444246,-0.0671193,0.28106394,0.5799684,0.059632268,-0.1505811,0.08459006,0.017386334,0.16605496,-0.057752125,-0.099154375,0.04805279,0.4072326,-0.03821847,-0.025140405,-0.025723763,-0.063834876,0.04375675,-0.88003695,-0.28433317,0.0891304,0.111511454,0.0766807,0.073379956,0.3815455,0.481265,0.08174279,0.6157499,0.0025848332,0.097293705,-0.035447262,-0.1056561,-0.055484876,-0.084622376,0.08141625,0.39681518,0.18078539,0.0015419025,-0.11946955,-0.32074443,0.035260804,-0.18317871,0.022243634,0.16422434,0.112984285,0.007692784,-0.28099057,-0.61212826,-0.12043141,-0.014481029,0.005346462,-0.16687782,-0.40302265,-0.0012611225,0.004279688,-0.23314063,-0.09665558,0.25196993,0.0745768,-0.13605839,-0.20780675,-0.25207442,2.2988257,-0.016814739,-0.17623854,-0.12039325,0.13401149,-0.06578315,0.5219705,-0.46932042,-0.07597831,-0.015051156,-0.09081993,0.03154683,-0.19614401,-0.06300073,0.0940201,0.21698883,0.03758112,0.07845043,-0.101698264,-0.08372389,-0.25748652,0.4444247,0.1177915,-0.16538477,0.06123726,-0.68615735,-0.022476435,0.4202815,-0.10536726,-0.56317,-0.5100339,0.06815274,0.56934315,-0.15692723,0.028239638,0.048885725,0.25484717,0.021381631,-0.24954513,0.023043621,-0.581973,-0.027465867,0.006079793,-0.19506738,-0.07322352,0.33368134,-0.004245012,-0.21057358,0.28826725,0.08322747,0.073434874,0.11652072,-0.075112954,0.060433287,0.14878625,-0.18145037,0.47655568,-0.3271755,-0.2850098,0.1370108,-0.08781217,0.076653235,0.19044182,0.042903915,0.04899971,-0.13896899,-0.09174495,0.25915578,-0.11331354,-0.08270988,0.14089154,-0.025005698,0.26940668,0.28115806,-0.4889033,0.09897956,0.049896006,-0.02573497,-0.00057686755,0.1334575,-0.1044749,-0.36058527,1.3222153,-0.0024078712,-0.26110637,-0.13664658,-1.0492611,-1.1785424,-0.21256712,-0.18843961,-0.3040986,-0.6679881,-0.23608205,-0.08824017,-0.069618516,-0.3888744,0.2979954,-0.42639893,-0.3378934,0.024945226,-0.36076412,0.104886726,0.02893114,-0.45826828,-0.040235084,1.0685303,-0.06743471,-0.084316224,-0.36385778,-0.03183982,-0.38345295,0.10914899,-0.053505234,0.08437811,0.2231251,-0.3405504,-0.016200528,-0.01638797,-0.017876606,0.032488693,0.1872801,0.048317082,0.26260287,0.10879801,0.007717561,-0.0023499243,-0.12436637,-0.109721705,0.10719574,0.22691348,0.027182579,-0.17740333,0.103002965,0.008307053,-0.38241988,0.049743272,-0.015291484,-0.062296465,-0.1752784,-0.07633471,-0.17808738,0.040117096,-0.041199423,-0.000728922,0.17321756,-0.010184782,0.17514431,0.2765004,0.08622958,0.031994943,-0.14324869,-0.015299383,0.14553082,0.011783332,0.16147801,0.04665854,0.14574653,-0.38939008,-0.47192243,-1.914861,8.445938e-05,0.076654375,-0.32923126,-0.13747281,0.038489044,-0.14426681,0.018869057,-0.11124265,-0.11823475,0.17399874,0.16694494,-0.68102896,0.004105255,0.037835613,-0.07511157,0.070790514,0.3869432,-0.224813,-0.32734182,0.25113744,-0.11128884,-0.35599515,0.015749872,-0.05012125,0.54405683,0.08270106,0.80598843,-0.07538763,0.0022402413,0.13745727,0.12332925,-0.098650396,-0.12322509,-0.11826782,0.016768381,0.19539665,0.085195735,-0.11801558,0.18157947,-0.12419903,0.08441615,-0.028276838,0.16696686,0.06599489,0.022995777,-0.13712776,-0.041571498,0.050252765,0.0116809085,-0.025072612,-0.14544626,-0.02453737,-0.10115378,0.06639099,1.3030906,0.0015150271,-0.17086306,-0.019056715,0.023057565,-0.11631373,0.11977181,-0.3281787,0.86931807,-0.0051656063,0.06707388,-0.3244835,0.24392627,0.09943546,0.059343502,-0.008002367,0.14356536,0.036840454,-0.017529929,0.10347937,0.3357209,-0.08450341,-0.019188225,-0.19566254,-0.86328715,0.04222335,-0.19770719,-0.21698031,0.0038405992,0.5144114,-0.11949192,-0.17267555,-0.1840004,1.3686994,-0.40554392,1.1950212,-0.00812922,0.027733356,-0.30805114,-0.07752112,0.02060322,-0.11790268,-0.00044787317,-0.39981693,-0.056466676,0.044030882,-0.12567544,0.20183115,0.12661867,0.11799733,-0.22677802,-0.034684137,-0.14255086,-0.07369525,0.3573794,0.8531811,0.026858408,0.28190172,-0.15342663,0.120213695,0.041080806,0.114761256,0.0006470196,-0.024104547,0.18473105,0.15157773,0.1999889,0.09987351,-0.13388075,-0.882818,5.0894003e-05,0.1787366,-0.14893374,-0.6001019,0.36048737,0.29702336,0.36058205,-0.13209344,0.17112628,0.035875626,-0.12543033,-0.10579431,0.07056376,0.20842358,-0.15110405,0.21233723,0.116472825,0.37786812,0.11250343,0.044304285,0.21772557,-0.025604978,0.14174534,-0.051382855,0.32698244,-0.000757426,-0.008764874,0.502542,-0.019431219,-0.03398243,0.022938523,0.072410494,-0.09945848,0.59137315,0.1717487,0.06388391,0.10949416,-0.01257509,-0.049688663,-0.06375738,0.06296238,0.118664846,0.09047848,-0.017191425,0.19204459,-0.21579826,-0.34884536,0.25042182,0.18423049,0.05462188,0.05703564,0.08274276,-0.015152924,-0.080164984,-0.0063422024,-0.11727768,0.082025945,0.13017777,-0.16170326,0.071445264,0.1912186,0.25332293,0.3802457,0.31829745,-0.3549769,-0.27560008,0.16214946,-0.21364632,0.1502496,-0.07462096,0.039021112,0.017646715,0.021422625,-0.2648872,0.08918232,0.03180653,-0.26578015,0.36773527,0.16826962,0.1764538,0.86571467,-0.1425626,-1.2709477,0.5015063,0.41480714,0.2551968,0.13097702,0.27700403,0.20857178,0.1492345,0.27256003,-0.04238774,0.07523333,0.1478118,0.15087447,0.080489874,0.18067631,-0.022751797,0.17796013,-0.019910865,-0.020008344,0.26565662,0.09234242,-0.04285986,0.13279636,0.13365658,0.06640768,0.2880733,0.67531556,-0.07989134,0.4861684,0.038180713,-0.12165256,-2.2892148,-0.0320529,0.98988056,-0.12720919,-0.118159436,-0.06377666,-0.07341761,0.027415171,0.120214954,0.2967101,0.10871431,-0.01219156,-0.21770772,-0.044385,-0.03262621,0.16879429,0.016745932,0.026854362,-0.16300571,0.007913593,0.2602736,-0.2568462,-0.065036006,0.023448547,0.09355378,-0.060712926,0.07608177,0.04715011,-0.0008407682,-0.43169641,-0.32379937,0.3229555,0.07673716,-0.0623506,-0.079603784,-0.011644833,0.1401816,0.030301979,-0.099517666,-0.18604754,0.21346417,0.03144905,0.19798097,-0.058932573,-0.068205394,0.12626234,-0.0044151843,0.41067368,-0.115968876,-0.05474543,-0.030235456,0.2886463,-0.08802573,-7.5309873,0.023487769,-0.034993127,-0.20948406,-0.0052683502,-0.10387183,-0.053898007,-0.025664167,-1.15541,-0.01985123,0.04141266,-0.09663394,-0.29349077,0.23082913,0.043624394,0.1624021,0.049014434,0.2145759,-0.1799854,-0.01646538,0.16765225,0.43434787,0.1038713,0.34220517,0.16021955,0.20648389,0.015466623,0.0895558,-0.07134764,0.2282139,-0.16173452,-0.46696496,0.19583744,0.07779381,0.32329118,-0.095463365,-0.023593917,0.11027761,-0.0083004,-0.195649,0.16326699,0.011727583,0.00056479126,0.25707868,-0.12297179,-0.041964196,0.26314566,0.13835695,-0.034294404,-0.23666047,0.11396187,-0.2784601,0.20670983,0.111005396,0.27087858,0.7361453,-0.14229876,0.22933532,-0.0066688806,0.20168695,0.019516656,0.3508213,0.14066511,-0.048160966,-1.9875557,0.15603486,-0.11426458,0.012701833,0.18860611,0.05730548,0.00051016826,0.13925715,-0.09988816,-0.12450972,-0.024512867,-0.62240034,-0.68946564,-0.059885338,-0.3757277,0.025058087,0.13673352,0.3358886,1.1023449,0.15967116,-0.04926187,-0.21918942,-0.15653934,-0.014485963,0.06535488,0.02497968,-0.039911155,-0.5806159,0.013900258,-0.14195488,-0.22736332,-0.20946464,0.068049714,0.07830677,-0.1269781,-0.35862938,0.080146685,-0.04663418,0.04640075,-0.18913066,-0.0469305,0.21718343,-0.23556045,-0.12948954,0.056475103,0.2208467,-0.00019609183,-0.04161106,-0.2731568,0.0749147,-0.31019095,-0.26519755,0.17452821,-0.1980854,-0.0016239472,0.0900757,-0.14934315,-0.009930123,0.15078647,-0.35940534,0.41651016,-0.027897526,-0.25530267,-0.1418936,-0.11924674,-0.11225216,0.10220745,0.029521886,-0.16534042,0.024138112,-0.18559939,0.25175497,0.022651618,0.020036682,-0.10582784,0.11430121,0.5619326,-0.14814575,0.106250964,-0.058192722,0.010984138,0.29552186,0.05060681,-0.04056321,0.9056262,0.13748685,-0.015763484,0.03723738,0.19605772,-0.004825741,-0.1747365,0.11504776,2.2899933,0.2559352,-0.08331679,1.1063321,-0.007339798,1
0.035793155,0.030681008,0.19918908,0.24543315,0.6921141,0.31137645,0.43248278,0.08401061,-0.11348761,1.8624684,-0.06845601,-0.04749446,-0.4733987,0.07789393,0.035254918,-0.07573533,0.1122992,-0.08704243,0.013402358,0.02782564,-0.11759892,-0.14769042,0.34856158,-0.24423411,0.20349288,-0.17811818,0.22122818,0.13639918,0.29985893,0.02643139,0.063388765,0.14006172,0.08805851,0.040914297,-0.29925683,-0.013912968,0.09715305,-0.111455396,0.013425669,-0.13665429,0.006000597,0.39933234,0.29703763,0.07017584,-0.018972784,-0.19089282,0.013120014,-0.066390574,-0.011240374,-0.21225354,-0.008954272,-0.38139355,-0.07698524,-0.01962677,0.42126206,-0.09220154,0.07307463,0.431969,-0.03007312,0.022165153,-0.31446117,-0.08696489,-0.047644414,0.3332161,0.28955007,0.024473391,0.036887623,-0.33219528,-0.029789548,-0.030450046,-0.08216838,0.037614718,-0.04650092,-0.10288091,-0.20818058,0.020760277,0.15604748,-0.26603812,0.021143168,-0.032649845,2.2393289,-0.19645989,0.08960961,0.13045347,2.3662384,0.11750947,-0.11319342,0.08613743,0.10944622,-0.29485735,0.04253509,-0.08139829,-0.2201297,-0.04716859,-0.022710672,0.13631746,0.14650103,-0.15617192,-0.710008,0.0028892546,-0.084448025,-0.011387421,0.25250852,-0.2300636,0.21152876,0.20733964,-0.10302722,-0.27017328,0.03936007,-0.16283518,-4.7982426,-0.01791571,0.04097322,0.023093801,0.19521776,0.09792777,0.04059294,0.010521486,0.04683929,-0.51526403,0.10317256,0.12695187,0.003782697,0.052936994,-0.18324699,0.0055448934,0.07278877,-0.12760961,0.13162187,0.3561271,-0.14332683,-0.013522342,-0.019934617,-0.38313645,0.17301561,-0.24763668,0.032452516,0.18176408,-0.09581009,-0.02832086,0.050457958,0.09588105,-0.050658595,0.16522259,0.2155855,-0.07380228,0.050304428,0.16294795,-0.051418044,-0.027100764,-0.3326906,0.047707424,0.0013782997,-0.07500596,0.15408394,0.18300387,0.09992473,0.14614123,0.053774662,0.061880987,-0.03912593,0.28478616,0.12319273,0.10140788,0.09687241,0.28718305,0.15559863,0.16923694,0.29521784,-0.15692678,-0.040977873,0.14857042,-0.124583736,0.055816196,-0.2497956,-0.12505497,-0.5451265,-0.09132615,-0.30334565,0.2681241,-0.0050462484,-0.22627842,-0.17105407,0.8410238,-0.37835625,0.1283955,0.035071887,0.20179488,-0.071499795,-0.123678684,0.013457509,0.07417501,0.03222742,-0.00019054674,0.12034972,0.1747362,-0.0784809,0.07559408,0.051323004,0.24381883,0.020744361,-1.2406769,-0.09197378,-0.08517516,0.058007963,-0.27923542,-0.024344169,-0.010420412,0.06317239,-0.12991299,0.051612668,0.1491964,-0.07024383,-0.12302953,0.1560365,-0.012206547,0.26505923,-0.042810485,0.0009544595,-0.06237184,0.32437027,0.38877845,0.13431679,-0.018051576,-0.09588887,-0.07192986,0.5716391,0.12988394,0.31019723,0.2631235,-0.40252462,0.043900736,-0.40465552,0.047998138,0.054010257,-0.06738583,0.07172641,0.0757446,-0.028577924,0.11957469,-0.2746095,-0.035645504,-0.01955416,0.0026303777,-0.010854397,-0.046692356,-0.017921105,-0.20606536,-0.1785548,0.29973537,0.11727871,-0.1635749,-0.23121518,0.14760046,0.15394494,-0.096129045,0.3243005,-0.9692227,0.042366527,0.2989446,1.6247013,-0.2757424,-0.090834886,-0.25579223,0.67646915,0.675009,-0.07825908,-0.22639568,0.044379026,0.1317501,0.23634826,-0.023855757,0.05357846,-0.010294393,-0.08017269,0.57209253,0.122309454,0.09404175,-0.08159679,-0.033099204,0.058255903,0.06972506,-0.1326514,-0.07832663,-0.4443336,0.16035187,-0.021278858,-0.21377897,0.29553717,0.29679227,0.028931849,0.03677746,0.0873463,0.019274049,-0.010621313,0.05495296,-0.08915503,0.13797745,-0.16419032,0.10138119,0.018743783,-0.14421022,0.13581496,-0.422154,0.056599524,0.09738,-0.104093015,-0.014745176,0.23972961,-0.1526731,0.22264662,0.5840805,-0.08133156,-0.01325589,0.060502134,-0.2538401,-0.44885916,-0.16319844,-0.071231484,0.15519172,0.016299149,0.123610936,-0.082292914,-0.050611936,0.37588477,0.31252128,0.0497472,-0.010592803,0.099057496,0.10778576,-0.02513742,0.11996669,-0.14116812,0.25076193,0.5393919,-0.51446,0.030601563,0.05078466,-0.3834803,-0.0986321,0.07795563,0.024728253,-0.15935186,-0.32478577,-0.10266744,-0.101010606,0.22722018,0.099918544,-0.0136330575,-0.030157365,-0.17334133,0.4919721,0.023002326,0.16074948,0.7225779,0.035334423,-0.06409304,0.033375442,0.015061522,0.2401897,0.022983795,-0.098599754,0.14921701,1.1094801,0.07952686,0.03721004,0.015545975,0.023235004,0.2913329,-0.46505547,0.8045891,0.05753497,-0.20016639,0.009248145,0.113216706,0.46022308,0.13505629,0.006670162,0.43338186,0.0026971786,0.008885418,0.058343906,-0.12696756,-0.22657688,0.018242233,-0.0767701,0.44128263,0.114280105,0.0015498667,-0.16707957,-0.19498065,0.03931272,-0.14848015,-0.006401442,0.15781099,0.07365459,0.007586159,-0.34667712,-0.3607811,-0.19008851,-0.0060709156,-0.07190932,-0.23791483,-0.20434138,0.22039019,-0.0059246644,-0.26431817,-0.0819743,0.1686186,0.06728231,-0.16644642,-0.09606287,-0.1756613,2.16587,0.04574673,-0.19582222,-0.15838055,0.107713886,-0.07491728,0.60683554,-0.25964835,-0.0334145,0.06701237,0.02757027,-0.14596201,-0.0054365396,-0.12621342,0.11877358,0.11198974,-0.16373685,0.12858051,-0.015387133,0.02381353,-0.16879255,0.19072904,0.029474866,0.20571265,0.0735248,-0.41626704,0.033759233,0.4271171,-0.17812587,-0.310956,-0.33084714,0.10692564,0.38607433,-0.0132735595,-0.0103333,-0.034690857,0.2784785,0.08717331,-0.29064724,-0.031733114,-0.51849365,0.0108416425,-0.04519421,-0.14824148,-0.107882865,0.23877564,-0.011367957,-0.25063413,0.22698906,-0.03058672,0.22622058,0.06281291,-0.11609839,0.037136685,0.09288658,-0.33032194,0.3342576,-0.346397,-0.2589038,0.17806782,-0.08331461,0.05021994,0.28815356,0.19998756,-0.05978907,-0.12966424,0.082176976,-0.14049813,-0.034428947,-0.058313653,0.11735782,-0.058019124,-0.244778,0.27881527,-0.49425095,0.11243401,0.072447754,0.013176122,-0.00069202785,-0.06911637,-0.12315286,-0.3444368,1.6210588,0.051405787,-0.27204236,-0.19211507,-0.5684617,-1.3711216,-0.25994515,-0.037692767,-0.36023676,-0.7570002,-0.10781338,-0.27379474,0.06682898,-0.15431187,0.22475073,-0.1563636,-0.14522144,0.10996823,-0.4647279,0.19684497,0.055438787,-0.41962945,-0.10406225,0.759473,0.048701137,-0.09177913,-0.3417232,-0.051893994,-0.05656004,-0.010398626,-0.01800854,0.15145123,0.17349133,-0.46745536,-0.01001,0.1378518,-0.07292702,-0.07623434,0.123587176,0.09707616,0.245134,0.076457515,0.032680713,0.08730367,-0.09507786,-0.06237801,-0.036007784,0.10655101,-0.05046326,-0.018144187,0.12067682,-0.04057601,-0.34329993,0.02022296,0.16282389,-0.08172811,-0.086433835,0.077833325,-0.07401928,0.0121041685,-0.008969918,-0.00060925126,0.21440692,0.023500036,-0.02153039,0.04907739,-0.0038455836,-0.0038402788,-0.01556409,-0.026424142,0.20098095,-0.03575583,0.22093603,0.057753514,0.10912624,-0.3720769,-0.19264694,-2.6926835,7.96703e-05,0.34442425,-0.56354946,0.055242885,0.17699371,-0.1303865,0.09457444,0.1998345,0.10728435,0.12542434,0.19648656,-0.30580586,0.20598358,0.11323807,-0.20443372,-0.010714121,0.073001474,-0.13375326,-0.19027466,0.20536354,-0.0658024,-0.41767597,-0.015612885,0.038327985,0.61536705,0.06702345,0.59849346,-0.11078152,0.0021157765,0.14321515,0.054692186,-0.14496443,-0.07987319,-0.08185487,-0.007961057,0.06161938,0.16187184,-0.2523937,0.15953882,-0.06970978,0.20945263,-0.22352181,0.23381637,-0.01529127,0.17055999,-0.36193976,0.061409406,0.058985062,-0.08760028,-0.17564726,-0.19521336,-0.07366836,-0.10889725,0.11010066,1.1451324,-0.00501452,-0.10642713,0.035247467,-0.07387182,-0.16863886,0.24263942,-0.4083185,0.8782916,-0.040909477,0.0102721695,-0.09429799,0.50408965,-0.10848519,0.069176555,-0.025310988,0.08718445,0.021770328,-0.19536483,0.1565051,0.4272425,-0.071276456,-0.056260075,-0.0905181,-0.92943716,-0.25380036,-0.133393,-0.04878224,0.03371353,0.19716302,0.006348096,0.0070342273,-0.082004435,1.0835233,-0.22074723,1.5723755,-0.2730136,0.038567428,-0.4216976,0.03970238,-0.008373735,-0.16312999,-0.000437112,-0.27131957,0.021973263,0.020382548,-0.2034581,0.15318446,0.21200255,-0.022753192,-0.13610855,-0.035844315,-0.0948911,-0.061523087,0.4154691,1.6007856,-0.020779356,0.5953042,-0.10925033,-0.057290897,-0.18176213,0.28271514,-0.03476641,-0.0016667806,0.17444268,-0.080423154,0.030240765,0.21324071,-0.10684236,-1.5817125,4.925237e-05,0.059729636,-0.30068,-0.1439712,0.18449555,0.32900545,0.34209484,0.10383162,0.20815092,0.12945265,-0.116242185,0.0830175,0.1938583,0.13278647,0.0040580556,0.13118258,0.013815045,0.3580858,0.030005509,0.028212711,0.2634783,0.073370606,-0.095342994,-0.0856338,0.23503414,0.17037287,0.005761549,0.43844622,-0.15239254,0.012168087,0.029547047,0.10572918,-0.05463759,0.35199887,0.04831381,0.035440043,0.103292055,-0.24681984,-0.03696631,-0.13459937,0.0882003,0.078186065,0.039829515,-0.013267525,0.118242666,0.13700011,-0.43772054,0.3494565,0.23727483,0.024997763,0.03991747,0.105455786,-0.07763082,0.013768366,0.081018195,-0.14799465,0.0507782,0.15438934,-0.16831058,0.17444678,0.10789916,0.25425842,0.22849017,0.29303932,-0.22855946,-0.124997966,0.043154925,-0.22147849,0.19080304,-0.21581985,-0.13056067,-0.085216746,-0.10192728,-0.5888269,0.2167165,0.017508388,-0.61512417,0.70425236,0.33732012,0.07276283,0.89077955,-0.28648216,-0.69849163,0.12589808,0.30144015,0.7855262,0.19351321,0.12581775,0.19283783,0.0892852,0.062527515,0.024857681,0.0077465214,0.14764538,0.105707474,0.06012043,0.13314863,-0.12250674,0.33609313,-0.09071419,-0.025910772,0.14980145,0.2365224,-0.023099244,0.07182591,0.023371119,0.008641822,0.41074044,0.86759436,-0.15840022,0.035433307,0.0424427,-0.034457594,-2.3458164,-0.02762099,0.65841925,0.025111504,-0.041682996,-0.060438246,-0.08184611,0.284035,0.27928296,0.24317552,0.0538992,-0.1354734,-0.20564994,0.021943206,-0.0137908235,0.23110174,0.08749874,-0.23138297,-0.29375595,-0.061041005,0.28090352,-0.22051263,-0.2718899,0.17958938,-0.111198634,-0.073854506,0.068725675,-0.06106873,0.004858963,-0.35130587,-0.3678954,0.30906683,0.07860853,-0.0710042,-0.07432936,-0.08712053,0.24943486,0.029137129,-0.013433639,-0.15067926,0.18240522,-0.00943923,0.03097956,-0.063188925,-0.086385906,0.34496748,-0.0259154,0.4006594,-0.041410893,-0.07324296,-0.0045716837,0.40841404,-0.08533132,-8.006402,-0.02139679,-0.06800733,-0.37612832,0.107008055,-0.18027027,-0.121822245,-0.09054165,-1.1179662,-0.020832501,0.018942218,-0.22848663,-0.056684405,0.18950301,0.0174957,0.07765876,-0.00455977,0.14024225,-0.16749126,-0.031071514,0.15335831,0.35045457,0.029342346,0.30038404,0.312061,0.26231864,0.019888073,-0.009811781,-0.23111902,0.06652559,-0.086442366,-0.39414504,0.11634361,0.08052965,0.31996322,0.21660474,0.07093879,0.09051356,0.05204362,-0.24074377,0.04232377,-0.013529301,-0.06612463,0.15610403,-0.0054200515,-0.20789224,0.14562914,0.0782512,-0.11630319,-0.13700077,0.0489795,-0.38015655,0.17644244,0.05234222,0.23325914,0.6383132,0.08798598,0.25164133,-0.08472953,0.15946631,0.0063825794,0.26093167,0.15519588,-0.03072353,-1.9908959,0.2692592,-0.017772254,0.00749697,0.15696089,0.07371153,-0.076146975,0.08017357,-0.10006565,-0.21545167,-0.046099406,-0.84177184,-0.62790096,-0.026762173,-0.1871599,-0.009616777,-0.117404856,0.09759376,0.71312547,-0.012620077,0.06663467,-0.13863975,-0.08711518,0.054515935,-0.004874399,0.1809008,0.044149004,-0.44525713,0.171898,-0.17811298,-0.231003,-0.00858061,0.13290918,0.080646135,-0.1303176,-0.13757402,0.17439719,-0.09132383,0.01800224,-0.11175866,-0.047838695,0.4443472,-0.2899248,-0.18939164,0.11886783,0.5826611,-0.03701472,0.08270674,-0.17065196,-0.14430337,-0.22452076,-0.42724124,0.10588835,-0.1372628,0.010993206,0.22268398,-0.19150001,0.03838052,0.08037474,-0.014843892,0.39699298,-0.09439581,-0.36908397,-0.27483937,0.023684166,-0.085439086,0.06788137,-0.051617064,-0.12856609,0.09100541,0.09213427,0.12911466,0.15111607,0.050273,-0.06271448,0.15139538,0.66182303,-0.0105285775,0.21491584,-0.09220151,-0.076677755,0.20319843,0.07918504,0.028302029,1.3147992,0.047144152,-0.023523863,0.19357136,0.15664552,-0.049785413,-0.33774263,0.0164187,1.9026356,0.25534457,-0.07337274,1.1798851,-0.009728577,1
-0.050631825,-0.00876314,0.24740921,0.21014002,0.29217947,0.35572544,0.7930387,0.23019801,-0.02569407,1.9635398,0.023724172,-0.014345512,-0.4592471,0.042885326,-0.2542911,-0.09811975,0.18613908,-0.07047428,0.06311015,0.028596738,-0.1251694,-0.102884606,0.34042013,-0.1598286,0.21692534,-0.25280392,0.27892682,0.19863604,0.4186896,-0.009546444,0.21259919,0.24590619,0.09155294,0.071988754,-0.24275143,-0.012060985,0.0759512,-0.077675894,0.0917542,-0.16079475,-0.023127388,0.29016805,0.48044527,0.023201847,-0.060480163,-0.21168146,-0.033321634,-0.12060493,0.11025059,-0.44909206,0.017686918,-0.28187108,0.0800342,-0.019449968,0.57873064,-0.15288821,0.056157302,-0.053717136,-0.026972484,-0.09972843,-0.5251891,-0.19893146,0.010703843,0.27055076,0.41837463,0.23185122,0.11730653,-0.3034389,-0.083971195,-0.06843853,-0.15485,0.054443117,-0.19604996,0.0007689856,0.015428342,0.029846124,0.2691508,-0.34458297,0.08942282,-0.009750828,2.2938838,-0.29111814,0.074326806,0.19816937,2.7205641,0.1247191,-0.18191409,0.14229125,0.06386685,-0.29259446,0.025119402,-0.09456012,-0.1343167,-0.02946879,-0.021795392,0.11366241,0.14699437,-0.19991967,-0.7744939,-0.0136669995,-0.08593238,-0.07143614,0.206334,-0.37500146,0.3419623,0.113711655,-0.12604481,-0.28306705,0.013737334,-0.118676126,-3.587719,-0.086624056,0.03696322,-0.025097974,0.35509664,0.1747733,0.069526725,-0.109993085,0.122805305,-0.5819012,0.18720767,0.13045731,0.00033655763,0.005986703,-0.1846689,-0.0002871789,0.06028366,-0.096484765,0.1997169,0.2486362,-0.07179329,-0.046913892,-0.032761365,-0.35377008,0.15581366,-0.17715098,0.04453656,0.2162211,-0.14246678,-0.008587433,0.03273113,0.09125793,-0.0039576553,0.09872541,0.23680726,-0.071553975,0.001775003,0.1348648,-0.090929694,-0.08136013,-0.45496228,0.112532966,0.05941024,0.04176961,0.15281251,0.15477742,0.11803582,0.27012867,0.07098774,0.16806228,0.013299648,0.23462132,0.27073258,0.12795043,0.16546765,0.24378149,0.12840562,0.24710084,0.35949713,-0.14107518,-0.012439598,0.18314534,-0.10650414,0.0997508,-0.088390574,-0.12444622,-0.5972136,-0.1185866,-0.3722819,0.34101844,-0.094667554,-0.3638997,-0.139501,0.7478721,-0.41177064,0.36735192,0.041425917,0.23049395,-0.06382072,-0.07079679,-0.00382087,0.10842167,-0.0012413114,-0.05023625,0.123590544,0.1632313,-0.058894016,0.07873359,0.007930968,0.24616715,0.03404205,-1.2538886,-0.054378077,-0.11556483,0.04192049,-0.109376475,0.0036443397,0.036980182,0.06305985,-0.13460276,0.16603692,0.109166265,-0.013353452,-0.10938473,0.12595947,-0.06363654,0.35924104,-0.038661204,0.0008904058,-0.082961194,0.42502636,0.426358,0.07031294,-0.08525333,-0.113144085,-0.069861844,0.013995767,0.15985474,0.43521658,0.23270892,-0.3488232,0.048074305,-0.441711,0.059092455,0.051139258,-0.092700854,0.12153582,0.07861431,-0.18188757,0.14229372,-0.38594556,-0.058114722,-0.028470691,0.0026333304,-0.0043946207,0.031695407,-0.02177272,-0.17870846,-0.36196828,0.36233386,0.17934018,-0.14966018,-0.4108693,0.2634222,0.005624838,-0.24189913,0.27930993,-1.3328096,-0.021372005,0.25181398,1.6946228,-0.49610654,-0.02159357,-1.0911019,0.52923214,0.647764,-0.33822024,-0.25010657,-0.15509616,0.07313261,0.25252828,-0.031772595,0.07175555,-0.04780662,-0.17261383,0.66677964,0.14350396,-0.01818148,-0.13633856,-0.03544191,0.2250649,0.0684893,-0.22377224,0.012337128,-0.34971845,0.16158848,-0.019378759,-0.105090454,0.32128116,0.17446566,0.02641748,0.11776133,0.045266867,-0.13314468,0.0018233955,0.081339695,-0.10369887,0.108939886,0.033175707,0.048841048,0.054278836,-0.00046514597,0.26965225,-0.36328495,-0.03504562,0.09549097,-0.08252053,-0.13820282,0.2385939,-0.21248546,0.14683318,0.84689194,-0.053172827,0.099571645,0.07230758,-0.38405228,-0.5720744,-0.28199148,-0.1152073,0.32565644,-0.16004549,0.2228659,-0.06696698,0.047692858,0.3624888,0.30230892,-0.086651385,-0.10072865,0.32491708,-0.23204802,0.030455884,-0.008936927,-0.16157207,0.16060449,0.44730896,-0.794453,0.045410655,-0.052274566,-0.30462772,-0.09317668,0.15644212,0.05504457,-0.02265276,-0.45114028,-0.094663784,-0.07178367,0.18895975,-0.09383525,-0.08679983,0.054849662,-0.16613528,0.43535158,0.12328085,0.09307104,0.4937525,-0.021671884,0.025017178,0.032969892,-0.22927144,0.12846917,-0.011152665,-0.09079572,0.19178638,1.0895523,0.10247514,0.060299482,0.09073832,-0.054672692,0.22332773,-0.48543698,0.97508854,0.048931926,-0.13883013,0.22627977,0.07299262,0.5191304,-0.014493106,0.007182289,0.76911014,0.0026846067,-0.03185801,0.030460969,-0.12383205,-0.28015083,-0.034269318,0.044907555,0.49689448,0.10629752,0.0014892726,-0.13600436,-0.23381573,0.07304306,-0.36218056,0.01742972,0.14008535,0.11146106,0.012461975,-0.42870277,-0.4410808,-0.30967668,0.09220122,0.01526811,-0.44322878,-0.282895,0.17847914,-0.018961836,-0.17065546,-0.022237368,0.18869138,-0.0027846694,-0.18309441,-0.10316761,-0.39065942,2.4959445,0.024362095,-0.23637727,-0.15751122,0.0816482,-0.06631775,0.71424234,-0.4355614,-0.043395057,0.06630154,-0.0004938841,-0.08881751,-0.06975716,-0.08003595,0.100704215,0.23617625,-0.16160572,0.14800526,0.014945,0.010595826,-0.06385319,0.24683069,0.11648941,0.10690379,0.06758767,-0.3226293,-0.12253579,0.32401243,-0.14252993,-0.46606165,-0.24401797,0.110281385,0.09400761,0.16839236,-0.14428361,-0.09526915,0.25118744,-0.014074176,-0.38510683,0.04726785,-0.504246,0.04758429,0.023619354,-0.1455052,-0.150643,0.20067713,-0.032232516,-0.29978588,0.24920379,-0.06738977,0.17473099,0.07107426,-0.17878722,0.0964349,0.08787353,-0.39911395,0.21929204,-0.4542523,-0.3416968,0.2510778,-0.03629434,0.05882764,0.47222894,0.09647414,-0.072481036,-0.10946143,0.020857442,-0.20871314,-0.18081279,-0.0008716723,0.15272097,-0.043804042,-0.12004917,0.44383195,-0.53076607,0.17632134,-0.012693554,-0.0108579155,-0.00065523235,0.06468996,0.006268747,-0.34609416,1.9123774,0.032461263,-0.17290868,-0.23216929,-0.21098891,-1.6586711,-0.19674215,-0.05305424,-0.51078993,-1.0009079,-0.24538277,-0.30605954,0.016927369,-0.23687537,0.27891433,-0.40521997,-0.032159083,0.12604988,-0.617895,0.02662674,0.11248514,-0.6009731,-0.052807126,0.9104847,0.052516505,-0.029233612,-0.30354524,-0.01531698,0.26866245,0.07968633,-0.06684115,0.16432196,0.19268543,-0.3931022,-0.016486075,0.15722984,-0.08780835,-0.06294542,0.07330683,0.19488268,0.2383542,0.05800633,0.0023101121,0.17451185,-0.07747569,-0.025940567,-0.01493555,0.13256967,-0.16560942,-0.0026565478,0.14853102,-0.026686061,-0.32444412,-0.03026409,0.052282833,-0.09316564,-0.017105244,0.057357278,-0.044097744,-0.00038832612,0.04413245,-0.00057564303,0.038204238,-0.028185405,0.23763919,-0.61662096,-0.040960427,-0.0014824271,-0.088904485,0.04718347,0.060343828,0.015918056,0.43047816,0.08187449,0.18808427,-0.3791988,-0.23704213,-3.2540193,7.96588e-05,0.623021,-0.69477797,0.014192767,0.31743142,-0.006195858,0.07112942,0.0126447305,-0.019819766,0.19691345,0.1883058,0.5067799,0.24000654,0.1930721,-0.25124007,-0.041958302,-0.074338995,-0.18305999,-0.25134286,0.422382,-0.03316176,-0.37149155,-0.0071980655,0.110195026,0.69596636,0.13564655,0.83284616,-0.06981218,0.0023820978,0.015391871,-0.14386034,0.14167678,-0.020338086,-0.112874344,-0.0346845,0.01798283,0.20898253,-0.27732563,0.2039042,0.013350964,0.050457463,-0.23434982,0.23207965,-0.065241,0.18812962,-0.43549734,0.2032051,-0.012637477,-0.06638402,-0.16590516,-0.24504077,-0.0616389,-0.09343202,0.0743767,1.6258671,0.012977803,-0.16418664,-0.01876401,-0.093878776,-0.18765964,0.4162378,-0.48550522,0.7082172,-0.029567575,0.06659546,-0.17816599,0.3914802,-0.27961296,0.13112171,-0.051721185,0.08871193,0.0071789473,-0.23891415,0.265249,0.82880104,-0.09199242,-0.06682332,0.12333921,-0.9864153,-0.15393645,-0.062570386,-0.064924106,0.013796236,0.561481,0.06266781,0.0328102,-0.06910226,1.378959,-0.3380955,1.8407145,-0.12480963,-0.0060671717,-0.63592607,0.06279485,-0.020675104,-0.1296252,-0.00037790835,-0.3585604,-0.08528566,0.0054204557,-0.17309378,0.40669477,0.17618215,0.14813913,-0.17306894,-0.09555271,-0.058500037,-0.10298407,0.4037612,1.6661736,-0.04763709,0.7081944,-0.07864475,-0.10402763,-0.18391743,0.11375129,-0.06999827,-0.24957906,0.16174372,-0.021822989,0.10247861,0.2315845,-0.18820405,-3.4507625,4.6466685e-05,0.014519194,-0.58776116,-0.38852146,0.38463488,0.34204885,0.45366713,0.03752409,0.28968567,0.09540339,-0.15948483,0.11365564,0.24238566,0.033808947,0.017665438,0.09968495,-0.018336814,0.44204164,0.085070364,0.104212195,0.5490383,0.17544276,0.064643234,-0.060914498,0.23584764,0.2014652,0.098372765,0.2860561,-0.010943934,-0.01323015,-0.06958096,0.112650715,-0.06047223,0.7800791,0.118807584,-0.008187497,0.21105513,-0.015992314,-0.024517875,-0.08445883,0.17071018,0.08265884,0.042435404,0.03263033,0.1281601,0.0035311133,-0.78519726,0.3884915,0.21586493,0.10514264,0.05751849,0.058719527,-0.08294928,0.012723168,0.119385704,-0.20363557,-0.04288519,0.1757142,-0.21311869,0.24368319,0.348607,0.39178795,0.16766223,0.2889158,-0.35109288,-0.16805905,0.00550003,-0.24785244,0.17739278,-0.22688735,0.044605926,-0.055972688,-0.17883387,-0.84882045,-0.1332063,0.0013721585,-0.7422378,1.3512934,0.40741438,-0.0064795045,1.2068461,-0.21317786,-0.72141874,0.37427413,0.17228696,0.8064692,0.33586127,0.38941708,0.29686174,0.06514922,0.1056246,0.03452254,-0.049985457,0.060515165,0.12375595,0.17383838,0.05796051,-0.018797237,0.21029207,-0.0740098,0.0098747015,0.15087223,-0.009618465,-0.008472562,0.14275607,0.017405478,-0.026609272,0.45604032,1.0554835,-0.21426007,0.18196528,0.03677671,-0.10475412,-3.281531,-0.09638437,0.19983917,-0.07884342,-0.05527335,-0.1307613,-0.123200044,0.21576756,0.24641576,0.1254432,0.0002783686,-0.0094155595,0.005799502,0.032203887,0.042265974,0.18688202,0.0034212843,-0.09013547,-0.15157184,-0.068063386,0.3497015,-0.19933532,-0.42974618,0.04100422,-0.0051570237,-0.07762371,0.0710106,-0.102114595,0.012543589,-0.37420854,-0.5058642,0.038131587,0.073659405,-0.13296826,-0.054219916,-0.026653066,0.42862847,0.07767799,-0.017284963,-0.1113401,0.27731177,-0.003180176,-0.073375605,0.08505319,-0.099554166,0.34330946,-0.029365644,0.33960158,0.007869117,-0.1198808,0.13563223,0.5851214,-0.17777744,-9.389901,-0.032295715,-0.099543296,-0.3970574,0.1833056,-0.23326595,-0.21782577,-0.0934938,-0.34535727,-0.020356007,0.038102333,-0.28699285,-0.14546621,0.19902736,0.0895368,0.06374653,0.0667812,0.19653212,-0.025469333,0.0022943616,0.09040725,0.3389148,0.17690666,0.43851477,-0.16488662,0.22067213,0.09447942,0.034548298,-0.19731674,0.23271032,-0.045432948,-0.44503254,0.16098058,0.033330746,0.44325578,0.36969346,0.10590632,0.18946484,0.012239752,-0.30928206,0.013719937,0.02108568,-0.04686231,0.20921707,0.008890443,-0.22647384,0.118400976,0.21164793,-0.13073418,-0.11850297,0.07315379,-0.32179913,0.2368671,0.07509828,-0.11720574,0.58741534,0.06503652,0.256494,-0.057545453,0.113696486,-0.00044526905,0.32461002,0.090745024,-0.055486824,-2.0302007,0.39570144,0.00087824836,-0.05368204,0.1106325,0.08111931,-0.021434952,0.1308923,-0.0049874634,-0.17107467,0.10319583,-0.7796067,-0.6995561,-0.14176439,-0.21580486,-0.0054059597,-0.053561553,0.12405063,0.8368324,-0.046285078,0.16217238,-0.30143294,-0.14048348,0.13836452,0.016297374,0.15634868,-0.11403827,-0.47649723,0.1339819,-0.24572983,-0.16822504,0.109659106,0.10030268,0.054715183,-0.26733577,-0.047286533,0.18907733,-0.09798748,0.024949506,-0.19093892,-0.057939734,0.46786776,-0.3064376,-0.17850989,0.091024935,0.2791654,-0.06707346,-0.08681077,-0.21158065,-0.23449184,-0.27935025,-0.41857508,0.10642092,-0.159106,-0.05506001,0.18263072,-0.41495365,0.005116442,0.07232646,-0.14725952,0.4583048,-0.16127506,-0.47355226,-0.30608326,-0.1044157,-0.05119537,0.034564346,-0.050473273,-0.12997994,0.15564218,0.04969845,0.18254055,0.14164023,0.094131514,-0.011306776,0.17460474,0.56124324,-0.20039293,-0.09258139,-0.15271951,-0.036854755,0.1843347,0.084456205,-0.031709716,1.9101562,0.15332197,-0.06259596,0.37049115,0.18926325,-0.11886932,-0.48164356,-0.062950134,3.128321,0.29692873,0.029629938,1.478542,-0.014530079,1
-0.027316503,-0.014254151,0.21546003,0.043745693,0.22573853,0.26556587,0.95085585,0.16246457,0.12371699,1.3336399,-0.0059444904,-0.13500036,-0.21594173,0.014141634,0.09372532,0.03444206,0.25592092,0.012849547,0.058424745,0.056486323,-0.043141283,0.06250647,0.11800774,-0.25692713,0.21036902,-0.08188474,0.40689117,0.040209282,0.5097672,0.014096934,0.12642321,0.028427169,-0.11236415,0.059405282,-0.14116591,-0.015136458,0.14961097,-0.055305894,-0.07918505,-0.12484502,0.067345195,0.4270536,0.070359096,0.20041257,0.05603647,-0.19519429,0.044659365,-0.2918502,0.13466653,-0.62431115,0.041141614,-0.26341748,0.30133379,-0.08306634,0.3374453,-0.07076881,-0.10604569,-0.112137705,0.06511325,-0.2525814,-0.3485458,-0.18024176,-0.30726644,0.34175986,0.41422474,0.14417787,-0.03771369,-0.42588416,-0.22720367,-0.0040831342,-0.21160041,0.07719267,-0.31064135,0.06378019,-0.038994767,-0.025185343,0.09841158,-0.1423073,0.09438765,0.15942718,2.3814464,-0.2910213,0.14256085,0.3086358,2.3275928,0.18807125,-0.00849843,0.087819934,0.09425673,-0.49105364,0.014703192,0.011873141,0.11052244,-0.03493917,0.07539642,0.11339192,0.04680893,-0.19313188,-0.71101046,-0.17826054,-0.07312574,-0.0053463466,-0.013270952,-0.11523314,0.13995096,-0.12067479,-0.12479821,0.09610593,-0.07833798,-0.12890321,-3.2430663,0.011059791,0.20648235,0.04770837,0.31984812,0.047237266,-0.03696873,-0.12761942,0.122244895,-0.3295207,-0.07494381,0.14590965,0.050190322,0.022016622,-0.14453007,0.19483693,0.006509833,-0.14016274,0.26725954,0.23357256,-0.03710086,0.035627455,-0.22081456,0.053070113,0.1744518,-0.24458155,-0.031192921,0.32995257,-0.13850264,-0.041245613,0.0066968445,0.042121552,-0.110442884,0.0808354,0.43585572,-0.079449184,0.06273317,0.0879813,-0.07400213,-0.08856918,-0.19745155,0.06932168,0.10281904,0.034934074,0.43600285,0.1471461,0.09905258,0.010362547,-0.015938267,0.114711046,0.016668405,0.1892345,0.048801966,-0.044583365,0.02667103,0.2538493,0.022487082,0.13539025,0.43780148,-0.06096366,0.021159375,0.20992067,-0.051619105,0.123944536,-0.5133438,-0.0782675,-0.6457731,0.05342568,-0.18345484,0.26020002,0.5063677,-0.08159107,-0.116799794,0.6248981,-0.31497577,0.8134028,-0.059337787,0.096913084,-0.03929918,-0.13202788,0.030658435,-0.018433169,-0.0125934,0.0655201,0.10895589,0.015003212,-0.33071026,0.06360525,0.1719374,0.25374186,0.046932593,-0.9685844,-0.014817633,-0.06535505,0.15809606,0.052156545,-0.020994503,0.09715274,0.14796722,-0.21915162,0.10654284,0.09129013,0.12745595,-0.1309329,0.031281997,0.059381448,0.2359113,-0.018240187,0.0008284148,-0.121113,0.16528887,0.35444206,0.03207504,-0.10917653,-0.11067553,-0.0686351,0.07766989,0.049628742,0.28574795,0.31163967,0.07012482,0.15342027,-0.30418485,-0.04802008,0.0013055615,-0.071961924,-0.060698725,0.11156583,-0.6187233,0.13794445,-0.43293977,0.02216053,-0.1337791,0.0028420193,0.031419422,-0.005782999,0.055046394,-0.13819718,-0.2648679,0.30938146,0.05997941,-0.058034785,-0.024446525,0.014250474,0.15666553,-0.16681266,0.3028842,-0.35143214,0.09067522,0.30806398,0.8453515,0.08852111,0.7072492,-1.4672832,0.60606617,0.39692998,-0.278568,0.24583884,0.017056331,0.05304634,0.16433598,-0.007942399,-0.02047642,-0.008814459,-0.37141642,0.15083435,0.08314263,-0.0012406409,-0.10354742,-0.07864776,0.20711279,0.081007764,0.06448937,-0.1551301,-0.4102456,0.19630872,0.13091356,-0.18753828,0.35687116,0.11211851,0.030171849,0.03754148,-0.056050964,-0.10612813,0.19601348,0.09221497,-0.13568814,-0.074883625,-0.017648153,0.18947896,-0.034100085,-0.2708361,0.06330983,-0.2584559,-0.08264385,0.14362939,-0.14781687,-0.08707533,0.24726984,-0.27608615,0.37806776,0.2950617,-0.060888074,-0.01588802,0.06546785,-0.4861735,-0.3483314,-0.19498461,-0.21042317,-0.11503734,-0.18347426,-0.0026542097,-0.0655142,-0.05948087,0.96347326,0.17179847,0.17802331,-0.03014642,0.2376753,-0.19492783,-0.041725285,-0.18244424,-0.06444447,0.16879103,0.22119555,-0.21959445,0.106487855,0.22163042,-0.44526237,-0.13679034,-0.0027429946,0.04343038,0.039567173,-0.36499617,-0.14317791,-0.14106435,0.4188997,0.3180037,-0.27357012,0.061800856,-0.20291035,0.5159955,0.08556937,0.20239638,0.7428833,-0.022143241,-0.09564902,0.10875882,-0.10880602,0.20313172,-0.06573509,-0.047956776,0.06711011,-0.19737881,-0.042891596,0.022709502,-0.0747582,-0.046859752,0.04096539,-1.1162001,-0.07962388,0.04801946,0.18741168,0.08861548,0.104583904,0.52815694,0.32538307,0.06752318,0.5717894,0.002509849,0.100714885,0.022001779,-0.1271469,-0.10579275,-0.21999675,0.099827535,0.49448663,0.14457464,0.0014173887,-0.20817581,-0.3922456,0.07273442,-0.31947494,-0.05686885,0.14009717,0.1596466,-0.035855595,-0.22633213,-0.8293963,-0.21645312,0.068056434,0.003337916,-0.3395772,-0.3006953,0.04497672,0.010616425,-0.07003321,-0.022686664,0.19094786,0.06411578,-0.13133872,-0.21164712,-0.20991172,2.8157482,-0.020725023,-0.19870281,-0.14941369,0.15185441,-0.14909399,0.37686244,-0.7044885,-0.06903401,0.060434353,-0.073283456,0.09513337,-0.08395465,-0.06101205,0.16748628,0.23885977,0.14037056,0.07740288,-0.09532021,-0.045938484,-0.2695785,0.5463987,0.16202138,0.04462287,0.0819821,-0.6986494,0.06372212,0.42762053,-0.039557144,-0.6029226,-0.49931896,0.048230946,-0.059846733,-0.111101,0.1747359,0.017646357,0.10656321,0.0871046,-0.5109067,0.15751763,-0.31380552,0.075135835,-0.13391158,-0.22906879,-0.020408086,0.4594829,-0.0653668,-0.27523074,0.21999548,0.05226621,0.071184225,0.086526774,-0.08255398,0.06621573,-0.027381867,0.1314667,0.24446034,-0.46882132,-0.26245254,0.18710771,-0.19960646,0.11326176,0.29579532,0.052891187,-0.03316199,-0.111078076,0.056608424,0.14593649,-0.061800964,-0.039076675,0.20662706,-0.017592661,0.26076782,0.344839,-0.4340523,0.09103112,0.018421955,-0.048441734,-0.00059143093,0.05615824,-0.09259324,-0.39202794,1.4041787,-0.1460506,-0.7017123,-0.19692883,-1.183918,-1.1603782,-0.23583478,-0.10421605,-0.36739856,-1.0791587,-0.32827404,-0.10352625,-0.089318454,-0.28535858,0.42231414,-0.52835304,-0.2694026,0.029116146,-0.6151842,0.052600145,-0.0042692125,-0.74331,-0.096458524,1.264051,-0.051088657,0.006030068,-0.026066214,-0.017356437,0.056972146,0.2546547,-0.14364955,-0.14684501,0.16396987,-0.3593771,-0.01668647,0.007691607,-0.09445337,-0.0654586,0.17024648,0.091110535,0.14935362,0.10275487,0.0048830137,0.0146483,-0.07517944,-0.10186593,-0.021341477,0.4371825,-0.19678964,-0.15321946,0.1386059,0.04866583,-0.36100873,0.06493319,-0.10051389,-0.054359984,-0.16517648,-0.09115955,-0.1426369,0.01065168,0.069630995,-0.00095894816,-0.013063028,0.03751014,0.3887266,-0.5819139,0.05755751,0.029110868,-0.09199506,-0.024803745,-0.1543676,-0.031835962,0.35681045,0.08058886,0.24124739,-0.38333017,-0.3905053,-2.3878431,7.9528145e-05,0.37218496,-0.31420916,-0.10086058,-0.13362285,0.0128460005,0.08764304,-0.0927589,0.13062672,0.17288893,0.06410006,0.76965034,0.13229413,0.19168147,-0.19005585,0.17744039,0.28970575,-0.25750452,-0.27525976,0.37870055,-0.09824814,-0.51846313,-0.045071036,0.052050825,0.4657315,0.06458511,1.2956045,-0.0779296,0.0021276302,0.11190971,0.120429195,-0.3726725,-0.052847233,-0.23531565,0.026320452,0.2474591,0.18015641,-0.14790812,0.064849645,0.09083402,0.25149688,-0.029819546,0.2925508,0.03255218,0.121102735,-0.10231568,0.0858731,0.041482568,0.019786194,-0.06623462,-0.13607064,0.047024027,-0.19621424,0.11088617,1.8598723,0.013406808,-0.20520891,0.044766493,-0.0016708709,-0.12021981,0.098005556,-0.42116266,0.65124464,-0.12618248,0.010707367,-0.28959793,0.10915066,0.10587369,0.02451349,-0.06279425,0.16384697,0.04584218,-0.10681698,0.102931656,0.8444719,-0.07544104,-0.04844274,-0.048696436,-1.226539,0.0737305,-0.20148939,-0.18418592,-0.16832206,0.81883484,-0.22070676,-0.09260924,-0.116955906,1.1668725,-0.3423797,1.7354289,0.084260166,-0.07900896,-0.29644585,-0.045520306,0.0033302247,-0.21205366,-0.0004404874,-0.40445238,0.077851824,0.0029610803,-0.17796664,0.39721388,0.12391053,0.15638974,-0.4073653,-0.09217493,-0.20226702,-0.026383672,0.1471402,0.9079577,-0.055141054,0.41296396,-0.15877232,0.15984382,0.08568624,0.21795735,-0.0036271662,0.013263319,0.18279985,0.3636319,0.1799243,0.15624641,-0.14241165,-1.7812088,4.335052e-05,0.17342263,-0.29377258,-0.34629178,0.4523673,0.28609946,0.4183229,-0.14813411,0.078140154,0.12529185,-0.14311278,-0.17623183,0.16041313,0.055482753,-0.3039621,0.12340666,0.18066786,0.399884,0.098985225,0.056476485,0.3052387,0.32488403,0.23259267,-0.05133775,0.30061024,0.08204366,0.038392108,0.8207236,-0.02904214,-0.017256571,-0.026952587,0.10326085,-0.016891416,0.8119305,0.13289794,-0.0037809345,0.05229506,0.30369276,0.004609808,-0.14379936,0.15860023,0.08775304,0.16634718,0.039876234,0.1585443,-0.21591556,-0.61844814,0.20485084,0.2535978,0.03302382,0.06174013,0.014035799,-0.07965508,-0.038149294,-0.023981765,-0.12501112,0.0109444335,0.11388417,-0.14372778,0.038703773,0.22775048,0.21748228,0.016395174,0.28624362,-0.44352573,-0.33561862,0.07238576,-0.22943172,0.09213249,0.016769331,0.12367605,0.041943766,0.03284329,-0.9252982,0.19614772,-0.00849545,-0.27168018,0.4789937,0.2892095,0.09144554,0.92441106,0.0068192557,-1.190976,0.5054155,0.17970704,0.1837403,0.103723556,0.055977043,0.44263333,0.07163438,0.16352901,0.0038868599,0.07972498,0.12078895,0.107539676,0.08307009,0.13267466,-0.0077116825,0.2775287,0.04531449,0.013493059,0.29420835,-0.24245833,-0.047096707,-0.0076176226,0.20282634,0.059027255,0.55238,0.7671292,-0.10190652,0.30019,0.033688832,-0.25428385,-3.16549,-0.076038964,0.62752086,-0.15513107,-0.115166284,-0.10833915,-0.09553023,0.12363745,0.13696186,0.24136306,0.17842406,0.10500096,-0.16726992,-0.0013414733,-0.03704989,0.1309098,0.00810568,0.04684723,-0.16279788,-0.10121701,0.29426903,-0.21348739,-0.12521721,-0.044602,0.09006012,-0.05079791,0.09411893,0.025000416,0.062194187,-0.65443945,-0.41314894,0.36783996,0.17901966,-0.11398621,-0.0832717,-0.21802582,0.17038114,0.06758405,-0.044112526,-0.09796267,0.26495683,-0.032040544,0.20521471,0.10484311,-0.17736627,0.059144426,-0.026317641,0.55329823,-0.085555695,-0.12196763,0.10620268,0.2759601,-0.07519697,-7.0606155,0.10026719,-0.026269753,-0.37707496,0.052226886,-0.087557755,-0.121659055,-0.111707635,0.056735843,-0.018011242,0.0065215267,-0.118700676,-0.71965563,0.23454107,-0.0191231,0.15549129,0.008305535,0.28460464,-0.16788165,0.0038450956,0.1632967,0.32181615,0.06851301,0.37003016,-0.11730611,0.24304801,-0.019888915,0.041766677,-0.102712125,0.3348504,-0.109792635,-0.47011095,0.045700487,0.07866603,0.2727395,0.106528044,0.06183498,0.13707156,-0.039138574,-0.19948629,0.15538014,0.0068724453,0.20558049,0.24846444,-0.081163116,0.0027317554,0.1744692,0.23529191,0.007125644,-0.19077043,0.064094454,-0.32240173,0.21817501,0.114535466,-0.0078006983,0.65614057,0.002331376,0.3288879,0.044939462,0.09846259,0.024019595,0.16562134,0.056743577,-0.037019867,-2.0111303,0.16649234,-0.051429495,0.038309824,0.16070008,0.030737208,0.0048176926,0.18100123,0.097699836,-0.13483968,0.07627757,-0.26896173,-0.52334476,-0.106486455,-0.39568073,0.009002557,0.028091474,0.30976915,0.80364764,0.0043196827,-0.01831586,-0.18144722,-0.18535247,0.030763954,0.013254862,-0.024035662,0.032529462,-0.54944646,0.17576388,-0.10045478,-0.17948532,-0.34409812,0.096457094,-0.0045101717,-0.26486453,-0.5471049,0.05021988,-0.03338555,0.11530088,-0.2126244,-0.024136476,0.35297686,-0.29352418,-0.16088808,0.014805604,0.16003546,-0.022495545,-0.19317468,-0.26870257,-0.089251444,-0.36190456,-0.3850941,0.20382869,-0.17196748,0.013547448,0.2509296,0.060768418,0.0035274047,0.15776111,-0.241302,0.21643573,-0.047314316,-0.20640936,-0.16293044,-0.19025582,-0.10444586,0.08934688,0.027369779,-0.081409454,0.1444358,-0.07883877,0.06267842,0.13962585,0.04625514,-0.064300165,0.10889047,0.5778113,-0.06495063,-0.13695604,-0.13407874,0.017178643,0.28187364,0.08099272,0.017664254,1.4175658,0.2510507,-0.039913513,0.14391018,0.16848245,-0.034522317,0.32828754,0.020897124,3.1588113,0.27927825,0.047961496,1.269787,0.00017897412,1
-0.025125036,-0.0063065086,0.19842863,0.26445276,-0.15822661,0.40197682,0.4703375,0.11125343,-0.062309284,2.1126337,-0.014756799,-0.063857585,-0.41338965,0.08780168,-0.044080842,-0.058157686,0.18422972,-0.04375793,0.121950164,0.06931673,0.29803392,-0.046845682,0.21172082,-0.38222072,0.253722,-0.08479382,0.29277337,0.08090202,0.43900025,0.021299466,0.13059296,0.11000631,0.011140413,0.04359604,-0.13872331,0.062622234,0.08885521,0.014813091,0.063018546,-0.03389579,0.04122098,0.4281862,0.21990676,0.071679406,-0.07987439,-0.30881608,-0.010449044,-0.14922889,0.109944575,-0.3775022,0.06270568,-0.34899363,0.09137857,-0.069980755,0.50193024,-0.018729843,0.0015044585,-0.27581456,0.053594723,-0.07243107,-0.38714325,-0.14928512,-0.18431985,0.35606802,0.49385452,0.11269817,0.045151323,-0.4622265,0.044726722,-0.052731633,-0.18562435,0.09889107,-0.1832565,0.060196154,-0.11707848,0.027592108,0.14142781,-0.3856957,0.027820405,-0.086199075,2.4451554,-0.3305534,0.07831442,0.16384915,2.516988,0.11625771,-0.10159339,0.06564104,0.107956074,-0.7237802,0.008510202,-0.07679285,-0.13577297,-0.037103385,0.06571631,0.16194378,0.03729167,-0.16534756,-0.8743941,-0.10282736,-0.070000425,0.0073456382,0.072535254,-0.31336182,0.16212372,0.13535398,-0.15184215,-0.20418833,-0.104829706,-0.1320492,-4.028713,-0.1014577,-0.00946258,-0.07272452,0.30519837,0.16732371,0.019154102,-0.103808254,0.032915853,-0.4976795,0.04038629,0.10873741,0.032793116,0.02788158,-0.05258219,0.18308358,0.071662106,-0.12886876,0.27902418,0.30086145,-0.006813094,0.082845345,-0.12868612,-0.30658114,0.21513617,-0.32142758,0.007117059,0.12697814,-0.18548146,0.0069892816,0.060136,0.037881006,-0.114933565,0.08192864,0.32782808,-0.0879932,-0.07147588,0.11855173,-0.15122734,-0.12119361,-0.09259084,0.15600577,0.030896384,-0.049898624,0.41219148,0.25561324,0.08321746,0.19291727,0.04824779,0.08340678,-0.099516004,0.24977008,0.18717954,0.041676678,0.109589815,0.14545347,0.08594061,0.364101,0.4347564,-0.15023682,-0.044861022,0.19517975,-0.09743859,0.023442244,-0.13032869,-0.017244553,-0.69746745,-0.16557851,-0.15568916,0.32711723,0.24954295,-0.22223893,-0.091351524,1.1159458,-0.3446358,0.52183497,-0.034234,0.17415792,-0.054638032,-0.06902925,0.021432493,0.04498303,0.00086887926,0.09431724,0.07603905,0.10714115,-0.11588357,0.064357735,0.027617639,0.26388472,0.03424302,-1.3163698,-0.057493106,-0.07373595,0.22139668,-0.12962057,-0.081532605,-0.008287877,0.052565992,-0.14789689,0.117006324,0.11592093,-0.10729968,-0.12977391,0.07888995,0.021217613,0.30789062,-0.055530455,0.000909096,-0.098637894,0.16557093,0.42652607,-0.052784495,0.003070332,-0.05626735,-0.1283268,0.25419274,0.101690516,0.23779732,0.27208996,0.003532685,0.09528525,-0.33189964,-0.00086126477,0.027687013,0.027214766,0.08663297,0.022352368,-0.19616643,0.11602606,-0.3616488,0.008024294,-0.051819477,0.002837128,0.05861819,-0.07503914,0.06357392,-0.21036056,-0.13984926,0.4595522,0.13537955,-0.1113869,-0.39296246,0.13566397,0.13307217,-0.21700676,0.28030968,-1.1383936,0.1403518,0.36553478,1.8417921,-0.35793126,0.27282134,-0.493871,0.7184197,0.50948894,-0.4368832,-0.22532412,0.011766434,0.19376738,0.1330636,-0.029614054,0.012662371,-0.036060583,-0.2718569,0.6888573,0.07760824,0.043428972,-0.13380113,-0.10655604,-0.11347172,0.03143463,-0.15051576,-0.0241328,-0.35779202,0.15604877,0.10514063,-0.28287116,0.23285933,0.22119904,0.025922908,0.04028787,0.059762597,-0.28815055,0.059569024,0.100257605,-0.09308735,-0.07589845,-0.13655126,0.120868556,0.12407108,-0.16671954,0.11496984,-0.41027734,-0.008889269,0.16792054,-0.108361624,-0.11767726,0.2977668,-0.20412046,0.3090881,1.1358451,0.027657375,-0.032230787,0.10342334,-0.5183004,-0.3625942,-0.06486641,-0.25735512,0.3634863,-0.09832096,-0.0019523129,-0.10763645,-0.08295733,0.58617413,0.34183767,0.02647752,-0.06077479,0.029217586,-0.123251945,0.055295933,0.0659149,-0.09972301,0.17767614,0.5066515,-0.47859076,0.056457352,0.029848771,-0.4258694,-0.16698769,0.061409935,0.050107226,-0.13991998,-0.42644882,-0.11067664,-0.09346762,0.28539035,-0.07130508,-0.07767994,-0.0043868925,-0.20680392,0.4706363,0.13479984,0.23035008,0.8673891,-0.02128372,0.016066954,0.077321775,-0.17223549,0.1997093,-0.02741475,-0.029970843,0.10402409,1.1378834,0.04781622,0.023908816,-0.027085787,-0.038695432,0.25168443,-0.7624449,0.61922735,0.072107404,-0.15209039,0.0014454871,0.072737,0.4830206,0.26261437,-0.015280057,0.48484075,0.0026885655,0.09763731,0.06521869,-0.14550586,-0.18818504,0.027390193,-0.0033936538,0.35804537,0.08560012,0.0013595512,-0.219553,-0.3383684,0.00040558726,-0.35707507,-0.052181125,0.13527642,0.12300141,-0.03974148,-0.2852102,-0.7194484,-0.13992763,0.12555002,-0.031773176,-0.277587,-0.34636587,0.0035339892,0.01210057,0.079239145,0.004440069,0.13369754,0.07061451,-0.1524553,-0.13907072,-0.28079814,2.8057005,-0.006225489,-0.2282857,-0.11188095,0.11500444,-0.1450876,0.60642314,-0.47759745,-0.017289342,0.050684497,-0.0023525096,-0.12135877,-0.1879088,-0.09008389,0.12041941,0.18756686,0.035806455,0.12978397,-0.13351548,0.037939053,-0.15017849,0.47923777,0.11388668,0.09640178,0.08729191,-0.39081088,0.073111266,0.4966054,-0.06597468,-0.52813995,-0.40546483,0.10016622,-0.026666455,-0.07512525,0.19813773,0.008149847,0.3578658,-0.06422991,-0.30360806,0.12963837,-0.7247265,0.04421275,-0.049521983,-0.18797745,-0.1696769,0.44812694,-0.08146201,-0.21909548,0.27856925,-0.05994068,0.16788694,-0.025832668,-0.14455308,0.085295714,0.07511338,-0.130617,0.53312665,-0.40094978,-0.27077302,0.14684074,-0.18092139,0.12629074,0.37046546,0.020270571,-0.056924026,-0.08737051,0.18766898,-0.050404757,-0.019851819,-0.035582654,0.17017385,-0.07051079,-0.123366624,0.3194042,-0.65665483,0.17037828,-0.060850583,-0.03704279,-0.0005846988,0.06972205,0.004751481,-0.40749797,1.8758316,-0.12246763,-0.23533632,-0.23310213,-0.5003858,-1.6604519,-0.2482365,-0.07336976,-0.47764117,-0.9844022,-0.46623188,-0.28352144,-0.040297046,-0.16836357,0.3392017,-0.37174043,-0.16519135,0.08938773,-0.48746198,0.118077345,0.083134085,-0.6452057,-0.14339493,1.0783193,0.13300654,-0.019372415,-0.29225117,-0.069749154,0.23280385,0.007158309,-0.15183985,-0.016440272,0.10326723,-0.41249424,-0.015632927,0.13551478,-0.066708975,-0.053375,0.20432514,0.026825557,0.12799543,0.04983044,0.0076244585,0.11966345,-0.0844004,-0.035535045,-0.10458316,0.2789464,-0.29066008,-0.015632523,0.1185198,0.004889289,-0.26241636,0.08522405,0.06436716,-0.090884365,-0.05694636,-0.039340597,-0.1181328,0.008383622,0.119708456,-0.0006258644,0.13037927,0.101322666,0.25451505,-0.37238228,0.004644111,-0.007177431,-0.046206705,-0.054338686,-0.024500787,-0.0474833,0.25594762,0.05819779,0.1417588,-0.31137872,-0.18329205,-2.8930843,7.82901e-05,0.57066554,-0.4138319,-0.010439768,0.27752382,-0.0074665546,0.121170655,0.0072767287,-0.004033506,0.16230625,0.14973876,-0.21389765,0.3250738,0.11146171,-0.28436017,0.08082298,0.17170343,-0.19074857,-0.44781917,0.412405,-0.079722226,-0.5982732,-0.048373386,0.026593082,0.8167469,0.125128,1.2216749,-0.10053277,0.0023934378,-0.060251504,-0.08458099,0.16462001,-0.23562941,-0.25192112,-0.003076082,0.001731989,0.13784105,-0.14416517,0.15461048,-0.22921836,0.21922705,-0.08068997,0.19089323,-0.037112255,0.18042058,-0.35216418,0.08653413,0.011077248,-0.021324411,-0.19292435,-0.3184926,0.018943038,0.03426928,0.10310997,2.396719,-0.004429184,-0.18679877,-0.0155772455,-0.11475698,-0.17498419,0.39560974,-0.48384055,0.884093,-0.032211322,0.11346975,-0.07610935,0.32874838,-0.23290652,0.10254656,-0.047744505,0.1578654,0.087706394,-0.10814799,0.24420172,0.43657237,-0.09190639,-0.010729662,0.008021839,-0.99893117,0.11936382,-0.13644479,-0.05400669,-0.06849887,0.6981441,-0.08163513,0.027633607,-0.09525363,1.3062153,-0.30911967,1.9016483,-0.12602678,0.051607378,-0.2989027,-0.034182042,0.02465186,-0.21755788,-0.0003799431,-0.20069692,-0.021167353,0.10061842,-0.17271546,0.29871935,0.1458017,0.082328945,-0.34564745,-0.095812485,-0.07658918,-0.06038045,0.4468946,1.5999556,-0.027692512,0.5629195,-0.1855319,0.12333305,0.0018339828,0.16025531,-0.015265264,-0.08555969,0.26415953,0.17252204,0.2103373,0.13673031,-0.092550285,-2.4177873,3.9612176e-05,-0.0016413126,-0.5190751,-0.287055,0.12361911,0.37791267,0.43792284,-0.16674878,0.2148574,0.17253423,-0.2066655,0.0543221,0.16748227,-0.011019945,-0.12321244,0.13746202,-0.01222473,0.34956524,0.17596081,0.01809774,0.33541828,0.099534646,0.08262343,0.0068196356,0.40113363,0.20500252,0.07460785,0.24118057,0.027923599,-0.014789521,-0.07407513,0.1409783,-0.017039042,0.832981,0.07120527,0.023679033,0.20915192,-0.28578216,-0.027282368,-0.12252419,0.025842939,0.047913965,0.21119347,-0.01020262,0.12616366,-0.06673172,-0.521559,0.28998333,0.32719114,0.061069608,0.06292249,0.056421977,-0.098966986,-0.04494957,0.040972702,-0.15029694,0.06562209,0.12096822,-0.13846141,0.13105416,0.23881964,0.090562455,0.2656731,0.4023255,-0.27760288,-0.22475578,0.034168024,-0.25170174,0.19542596,-0.34378773,0.009055447,-0.07827656,-0.1694296,-0.9059826,0.0042773336,-0.032245517,-0.5982996,1.0711327,0.23614457,0.11604837,1.1020334,-0.2763635,-0.99174684,0.44734916,0.20857182,0.80258864,0.16753954,0.013166318,0.2870889,0.013039104,-0.090691976,0.0737461,0.0721262,0.027928367,0.2082168,0.035165563,0.103149354,-0.16830032,0.34985673,-0.06902692,0.010968144,0.20716193,0.20901762,-0.026135445,0.09653241,0.11129949,0.048676368,0.29206175,1.0421231,-0.14623177,0.44224498,0.032176945,-0.19353636,-3.5600522,-0.086743,-0.7480031,-0.073752284,-0.0952958,-0.21713531,-0.09881814,0.216101,0.17731324,0.1313539,0.10302383,-0.016677134,-0.34531322,0.0010409355,-0.016031109,0.23550296,0.018276751,-0.1491892,-0.27675712,-0.17245296,0.33310738,-0.24145904,-0.3815918,-0.0028189868,0.16561785,-0.093556866,0.13763563,-0.028240487,0.060260754,-0.43183696,-0.3505215,0.5999409,-0.00044908747,-0.10570188,-0.07683118,-0.082669355,0.28112102,0.053674005,-0.021527342,-0.09777342,0.28977326,0.071820915,0.027332544,-0.03587073,-0.16845442,0.2331695,0.07750811,0.4208147,-0.04878014,-0.1394204,0.07875311,0.5093981,-0.14344627,-9.560918,-0.012913853,-0.044876046,-0.39659882,0.012139,-0.22519423,-0.14565885,-0.11798528,-0.9657102,-0.013665706,0.040761985,-0.22043061,-0.2885325,0.2709354,-0.041918,-0.17269067,-0.015708491,0.29703468,-0.31372833,-0.027700707,0.117367834,0.56257576,0.13683164,0.37814438,-0.4760982,0.31607527,0.06817282,0.06640245,-0.2052781,0.28455618,-0.12604007,-0.48601782,0.072007686,0.020402886,0.4388932,0.24128018,0.21062385,0.08380264,-0.015369471,-0.28094897,0.062648006,-0.0007890053,0.048556678,0.21079694,-0.1146972,-0.17799327,0.14866202,0.21001163,-0.08406237,-0.09069557,0.06667406,-0.3929658,0.25983807,0.06498441,-0.047575757,0.5875612,0.19523834,0.34207234,-0.009402275,0.2755218,0.0038694562,0.18954244,0.05360449,-0.03288938,-2.0270464,0.33098042,-0.03466158,0.035149705,0.21706408,0.08274205,-0.014314,0.20641616,0.0149469655,-0.36134568,-0.033603624,-0.9917797,-0.8537147,-0.16553527,-0.26614234,0.054032482,-0.06499782,0.18298483,1.0963793,-0.07204348,0.022704229,-0.22422853,-0.12847914,0.030044816,0.05912375,0.027721554,-0.058310654,-0.53736013,0.11331767,-0.2553608,-0.30448794,-0.18085615,0.16058382,0.053845733,-0.29914504,-0.6158471,0.0745215,-0.042542264,0.057686705,-0.21223004,-0.039774373,0.401169,-0.24733905,-0.29673904,0.01196746,0.4212178,-0.034306586,-0.030856773,-0.32628375,-0.1385617,-0.31567055,-0.39583716,0.1019526,-0.16511528,0.0027418528,0.19454819,-0.23148042,-0.014394769,0.057063837,-0.079772085,0.43156105,-0.009311788,-0.25917432,-0.2914973,-0.15690117,-0.13381958,0.08168584,0.1554308,-0.13806649,0.09934655,0.07838497,0.1729458,0.094842695,0.09397178,-0.089918755,0.11546868,0.8010574,-0.06928173,-0.033640523,-0.097644776,-0.093637556,0.17982396,0.049171217,0.05305597,1.7956166,0.20654356,-0.003700193,0.25072995,0.13465504,-0.03580737,-0.28759247,0.08833447,3.3712797,0.34550452,-0.048769444,1.3299772,-0.024801463,1
0.0003505759,0.041967608,0.20304668,0.16323392,0.36879015,0.30027133,1.205131,0.10300828,-0.112768605,1.6337779,-0.04760331,-0.023763567,-0.4351257,0.036529496,-0.3763024,-0.04255036,0.09824566,-0.08087407,-0.076285355,-0.0011023208,-0.32815412,0.056003265,0.28604743,-0.33910203,0.12467274,-0.35119247,0.23055887,0.16987792,0.21232374,0.06952509,0.14771885,0.022637881,-0.1524431,0.013041642,-0.4068615,-0.014688581,0.06078877,-0.11469786,0.018807681,-0.13737132,0.097082265,0.32044482,0.40373474,0.15898645,0.031229809,-0.13424835,0.06219745,-0.05938513,0.17448106,-0.36895093,-0.14504504,-0.3814696,-0.06594919,-0.012107342,0.3557881,-0.054824717,-0.02354157,0.45788258,-0.05263021,0.10836592,-0.38174567,-0.14505205,-0.06744526,0.2754514,0.22502114,0.06561571,0.1460264,-0.4030648,0.0532517,-0.07394932,-0.14030291,-0.015643738,0.053516,-0.11517082,-0.031485725,0.015211804,0.21429557,-0.11887635,-0.021387134,-0.12946469,1.9099165,-0.11130393,0.12171215,0.2813138,1.9899946,0.22155854,-0.2594173,0.0217898,0.022432055,0.05493623,0.028867014,0.16660677,-0.15721785,-0.052897077,0.05039509,0.09799143,0.1494515,-0.04774181,-0.6884986,-0.14817801,-0.02139064,-0.060748458,0.12512037,0.09993835,0.2539216,0.091272414,-0.16029225,-0.21498309,0.07390038,-0.10627589,-5.211462,0.10247251,-0.017339692,0.038867448,0.15665329,0.1520099,0.10953071,0.036611356,0.0977429,-0.36460364,0.08757809,0.100046374,-0.0047136173,0.074821234,-0.10430341,-0.10694718,0.06839403,-0.06559807,0.065820105,0.31955358,-0.21928543,-0.032512113,-0.092533395,-0.097439095,0.14260143,-0.14924413,0.008025795,0.39354247,-0.06850585,-0.060299,0.025708634,0.103788435,-0.0039402423,-0.038414493,0.37621856,-0.026856251,0.0057572266,0.12126857,-0.05060875,0.035182364,-0.52235544,0.030199502,0.01684119,0.01709003,0.184423,0.20966108,0.0895298,0.10915319,0.24825859,0.10921436,0.041342758,0.25532565,0.06249472,0.032113627,-0.021001607,0.12736055,0.09298294,0.14019704,0.17300117,-0.08079606,0.012050404,0.08909501,0.050198946,0.09597513,0.26870555,-0.19155316,-0.5515813,-0.107589334,-0.19783112,0.24365078,-0.09936659,-0.2718985,-0.102649674,0.6790416,-0.4493687,0.5773367,-0.012366144,0.21738347,-0.043478012,-0.090922065,-0.050780423,0.12467099,-0.012038179,-0.060673077,0.10070708,0.12704436,-0.11230503,0.09586971,-0.028654989,0.2564039,-0.011017576,-1.2019603,-0.08991506,-0.04523979,0.06908294,-0.2047488,0.07774845,0.1592342,-0.054558337,-0.13777396,-0.016475458,0.06688444,-0.11210124,-0.011384003,0.2689666,5.169213e-05,0.1468355,-0.04888709,0.00095484854,-0.037879,0.18818347,0.40620184,0.41938978,-0.023955293,-0.16275838,-0.034294885,0.5542724,0.10571238,0.18713683,0.07890905,-0.36645016,0.080870226,-0.029923186,0.07779616,0.038017612,-0.1188998,0.21907946,0.056530464,-0.35498723,0.021929197,-0.031598873,-0.015816376,0.064223394,0.0019581974,0.008619597,-0.09440862,-0.14180452,-0.0054937154,-0.083921775,0.20737773,0.12607838,-0.12785593,0.16251868,0.06281888,0.18017632,-0.001756914,0.36445296,-0.94371533,0.103220224,0.21515425,1.623368,-0.45602244,0.05146821,-0.3517049,0.23362091,0.5411041,-0.11634602,-0.13608843,0.1443205,0.23019852,0.27222598,0.021553935,0.12696703,0.052699786,-0.17262803,0.40591672,0.1435952,-0.06792564,-0.058437504,-0.059160445,-0.022303596,0.12470755,-0.08961093,-0.11919361,-0.16171142,0.14425236,-0.029673077,-0.06996873,0.19656914,0.3130373,0.034597237,0.089942254,0.095740534,-0.10556181,0.043238193,0.020554729,-0.061814543,0.15316173,-0.30339462,-0.06065262,0.047672823,-0.1187442,0.23498383,-0.46540743,0.14502233,-0.013634809,0.14365461,0.041993342,0.07742587,-0.10992321,0.07241239,0.81618464,-0.060654234,-0.108002,0.0024930462,-0.17975673,0.08609754,-0.26540312,0.055427033,0.049807936,0.17642301,0.15895429,-0.028260827,-0.08698632,0.6427054,0.3185296,-0.054971673,-0.06483943,0.21295327,0.005244743,0.02337381,0.04248333,-0.05535129,0.105667554,0.2389878,-1.0750098,-0.0011505336,-0.04552547,-0.043731153,0.015643947,0.08196984,0.023784924,-0.020631425,-0.14472467,-0.109942995,-0.15043633,0.17250195,-0.16414857,-0.21969655,0.13249224,-0.14078769,0.47458637,-0.0126589835,0.10564777,0.5214479,0.092856586,-0.08504766,-0.09072527,0.019252382,0.06320658,0.021684425,-0.032825988,0.06641297,1.1339926,0.00080288574,0.008372512,0.04780759,0.006131077,0.06737165,-0.31502664,0.62507695,0.06690382,-0.0045028552,0.098996185,0.06431197,0.40864453,0.23619118,0.047978427,0.3863845,0.0026167762,0.061778963,0.01183226,-0.14339095,-0.16701642,0.21958955,0.09154062,0.476887,0.15740815,0.0016931812,-0.13871492,-0.13801172,0.1286704,-0.13483697,0.0055718645,0.18205103,0.023667753,-0.0117781125,-0.3024261,-0.4346003,-0.18429409,-0.25062394,-0.09512995,-0.17909771,-0.18908447,0.23985237,-0.0069211125,-0.4811051,-0.09688177,0.084522456,0.10127646,-0.18703413,-0.11497317,-0.251689,2.2644598,0.06681293,-0.15597427,-0.14835931,0.047878925,-0.053606614,0.6582393,0.021072404,-0.07922028,0.016435828,0.10224756,0.08372657,-0.31209764,-0.102229565,0.018424936,0.13721314,-0.28818038,0.16607746,0.019552216,-0.037282202,-0.09311819,0.21409947,0.026333556,0.15481439,0.06942019,0.29962596,-0.046443105,0.29165152,-0.24166882,-0.26768866,-0.4289751,0.035245664,0.47106764,0.053100653,-0.07155289,0.007961772,0.39856696,0.155531,-0.1915498,0.018915076,-0.55763495,0.030653017,-0.06073883,-0.20872647,-0.014179658,0.23626757,0.04583881,-0.14567657,0.07812426,0.12904577,0.26918527,0.14472386,-0.069417186,-0.06667069,0.24922019,-0.6632041,0.589084,-0.33920223,-0.31961098,0.14790142,0.054573864,0.011092127,0.10096,0.12201971,-0.03650543,-0.052582853,-0.11442058,-0.042352226,-0.22001296,-0.070354186,0.058614742,0.047451086,-0.31743082,0.36138105,-0.5702669,0.0890559,0.075111985,0.0028498757,-0.0007574809,-0.08331358,0.02998678,-0.2745874,1.5735052,0.045018297,0.0045411587,-0.22188115,-0.09602654,-1.4958093,-0.17148682,-0.023376806,0.019494768,-0.7226647,-0.22094929,-0.20000914,-0.0051489994,-0.18624362,0.18785302,-0.16867872,-0.20741518,0.14691147,-0.39786384,0.13216099,0.023663372,-0.47086078,-0.039582346,0.8676551,0.0924943,-0.0038792342,-0.38600677,-0.046350215,-0.40155807,-0.07000877,-0.053062923,0.45856106,0.13400471,-0.2248179,-0.011547044,0.20239307,0.022768453,0.05858732,0.067858756,0.07515484,0.19987352,0.13115835,-0.040624604,0.11696014,-0.09243383,-0.04785411,0.16387734,0.09134828,0.26740414,-0.322206,-0.041099995,-0.029000714,-0.17895976,0.027804904,0.2245709,-0.1168612,-0.20624018,-0.010179617,-0.22294387,0.008598521,-0.06678567,-0.000564331,0.14842375,0.022679891,0.16757357,0.35799104,0.029351857,0.049578406,0.080896914,0.0017372938,0.19999757,-0.09169721,0.26631087,0.0066677555,0.22586353,-0.46257094,-0.38544703,-2.5836055,7.904171e-05,0.13180228,-0.52515686,0.086540185,0.11560941,-0.22070226,-0.056775168,0.1932022,-0.101579666,0.10378985,0.10323146,-1.346403,0.14569125,0.06292815,-0.20371012,0.1073032,0.061432533,-0.10401931,-0.08631996,0.092570886,0.025229475,-0.3830506,-0.113334626,-0.018930007,0.4895363,0.036682665,-0.04433191,-0.029660381,0.0022613322,0.101954594,0.27881676,-0.2575329,-0.09406621,0.06573388,-0.059448414,0.028095573,0.1434589,-0.1434589,0.18969005,-0.3353145,0.11026399,-0.15042411,0.1385673,-0.108876735,0.020553548,-0.17076902,-0.022675984,0.041435443,-0.039590582,-0.0101678185,-0.16592905,-0.13015561,-0.16832647,0.014701571,0.5992147,0.008572459,-0.020278066,-0.053684954,-0.026636828,-0.11845535,0.26095062,-0.4720591,0.44090497,0.11689082,0.07242806,-0.20124768,0.28709513,0.10447027,-0.06168656,0.068422206,0.08040668,-0.08454098,-0.023902573,0.09517355,0.5695547,-0.097893655,-0.15214458,0.0030498505,-0.79723287,-0.5720752,-0.1300295,-0.021933336,0.06285042,-0.17713135,0.05208126,0.0970734,-0.12911738,1.2622299,-0.2806552,1.8611978,-0.18321127,0.08624473,-0.6703911,0.0678522,-0.045812186,-0.011071205,-0.00046417775,-0.2765434,-0.034192692,0.09635016,-0.09741653,-0.012266219,0.12815726,0.19953495,0.07498604,-0.06109034,-0.0030166283,-0.11284784,0.4835076,1.6835456,-0.028569322,0.28353825,-0.013291679,-0.10984227,-0.0675943,0.22535983,0.0054225884,-0.15387137,0.17250744,-0.16417556,-0.1320947,0.09333831,-0.069256224,-1.0094186,5.716241e-05,0.14975882,-0.5431963,-0.42885053,0.49628446,0.21484318,0.34507436,0.11282085,0.36179286,-0.030621577,-0.11419005,0.15646118,0.2945796,0.062488943,0.0180607,0.05220025,-0.046140894,0.3167064,-0.02392653,-0.027598068,0.24259643,-0.1235296,-0.050022963,-0.045121096,0.13462201,0.19196886,-0.03585481,0.44109023,0.055059507,-0.011996964,0.025232721,0.072736025,-0.054789975,0.54146826,0.073981054,0.032321636,0.063875094,0.096747965,0.009618832,-0.06919587,0.0546605,0.12172301,0.044215824,0.0026551075,0.162758,0.09195012,-0.5176289,0.44567287,0.21357745,0.0920434,0.059159875,0.049512595,-0.07221808,0.066444516,0.018350422,-0.02658647,0.029400334,0.13165213,-0.22767273,0.07384758,0.107111014,0.30651233,0.19218114,0.09546031,-0.29381078,-0.17671664,0.17070979,-0.15031058,0.10952518,-0.12172324,-0.11116907,-0.012189895,-0.012764931,-0.59279555,-0.24149966,0.048240513,-0.27911538,0.545714,0.17459895,0.1054897,1.1616788,-0.17624597,-1.0201582,0.2516302,0.4140254,0.24689615,0.20787679,0.38164428,0.13981919,0.12560467,0.08152354,-0.06659217,0.041306328,0.17870703,0.2179926,0.09395524,0.080386415,0.06512076,0.3193358,-0.08236653,-0.07542103,0.24956156,0.11087187,-0.042024948,0.28505188,0.02898575,0.030887261,0.54929733,0.5264981,-0.09746562,0.05676339,0.040573124,0.05741223,-2.0352006,-0.06526032,1.011379,-0.061963238,-0.09185861,-0.014411874,-0.16495885,0.14356904,0.15665366,0.22993827,0.13983083,-0.032767355,-0.047957513,0.09571874,-0.018847324,0.29014307,0.135851,-0.18029818,-0.13926448,0.044851743,0.17830974,-0.08390673,-0.19214422,0.08117217,-0.1587233,0.0054769516,0.031139333,-0.10939801,-0.0677868,-0.17188889,-0.35120824,0.27522036,0.0033498928,-0.09012939,-0.026591271,-0.096865065,0.06969263,0.06769596,-0.056927577,-0.16070226,0.19982144,0.17571488,-0.0045983903,-0.16909349,-0.031294715,0.5213183,-0.04466459,0.34678042,-0.028340667,-0.049296297,0.018049046,0.47093123,-0.08923984,-7.866538,-0.030083485,-0.116784886,-0.25040305,0.0025060028,-0.2919224,-0.10278434,-0.026306724,-1.8202702,-0.014463715,-0.016490728,-0.2996168,0.025740698,0.29519767,0.13654219,0.1732434,0.07639473,0.18206224,-0.14651868,-0.28385407,0.45830932,0.2083668,0.11063667,0.26277536,0.72081983,0.17811374,-0.014006663,0.021952268,-0.17919153,0.21511853,-0.15643066,-0.43599677,0.16011363,0.053363986,0.27506116,-0.014211819,-0.097418636,0.0011922121,0.042582378,-0.21005432,0.014730116,-0.024887264,0.075813815,0.2842841,-0.29421702,-0.20160034,0.071344346,0.03867829,-0.09298771,-0.072503954,0.03254007,-0.33427253,0.19303535,0.06972687,-0.09243849,0.72860074,0.030112814,0.12845437,-0.085475355,0.21771806,0.007451321,0.30219212,0.114544526,-0.071045004,-2.001904,0.2705924,-0.00035406277,-0.02342378,0.054553278,0.08713071,-0.07573759,0.02640655,-0.27358514,-0.16847739,-0.039734382,-0.7052016,-0.8441968,0.042638116,-0.024114892,-0.013658447,0.009181282,0.08321097,0.8412366,0.08853116,-0.04263343,-0.029140882,-0.064061105,-0.04549229,-0.06980698,0.19194181,-0.06914056,-0.48708284,0.040432453,-0.2501775,-0.06801453,-0.10898915,0.15692836,0.12342724,0.015528947,0.08726055,0.3111475,-0.108835325,-0.017957473,-0.2416454,-0.042114247,0.427067,-0.21693979,-0.25509924,0.2166456,0.45426115,-0.029750697,0.11177988,-0.2850081,-0.19321385,-0.12832068,-0.31955823,-0.0090519525,-0.10118317,-0.04465531,0.21568896,-0.42034876,0.044539593,0.011771741,-0.10885749,0.39105836,-0.15213355,-0.52380055,-0.21043426,-0.0016209036,-0.062621444,0.047784846,-0.05214276,-0.14034405,0.078164645,-0.06707467,0.20163557,0.17838423,0.014910217,-0.051932104,0.1357007,0.5641623,-0.043419078,0.15357752,-0.20056692,-0.059206165,0.44034976,0.09171861,-0.0033723712,1.287558,0.046180695,-0.024910044,0.04593843,0.13019672,-0.18842483,-0.43458495,0.010915581,1.8464724,0.2755987,-0.04744418,1.2101096,-0.007266028,0
0.0084521845,0.04096186,0.17226098,0.14466709,0.31900227,0.3258865,1.1141815,0.03462486,-0.041809916,1.6481673,-0.016416036,-0.04763113,-0.46428847,0.0979538,-0.5569484,-0.03940804,0.16064468,-0.066827685,-0.045278996,-0.009459235,-0.3893492,0.051132258,0.30583978,-0.27460358,0.114051595,-0.27352285,0.2768691,0.09285916,0.2110556,0.03021349,0.21820226,-0.0142710805,-0.28946468,0.017799065,-0.4802119,-0.07455497,0.04634234,-0.10808352,-0.024106847,-0.12539496,0.03307079,0.347261,0.4328075,0.2603613,0.04871183,-0.08287422,0.03731784,-0.12799576,0.15849568,-0.41211998,-0.18475795,-0.3374958,-0.01788136,-0.0042699333,0.2550195,-0.08411265,-0.05509562,0.4954002,-0.06442486,0.094260715,-0.3137039,-0.0879401,-0.057485953,0.29482043,0.16961859,0.078775704,0.16686872,-0.36137417,0.041229133,-0.08789192,-0.08376391,-0.028273538,-0.023470044,-0.18259858,-0.13934763,0.0008144062,0.20643517,-0.01245065,0.009489748,-0.1444843,1.7394071,-0.086916246,0.09632474,0.28402734,2.059391,0.23520324,-0.22958478,-0.024203949,0.038893413,0.017824143,0.010533549,0.14410701,-0.070814684,-0.037122432,0.048974674,0.10713347,0.18776596,-0.042423245,-0.6926543,-0.16303232,0.0076105967,-0.0649037,0.094002165,0.071232565,0.3082268,0.23442703,-0.14568284,-0.16426317,0.08056602,-0.09767843,-5.615098,0.034001067,0.0805311,0.098937675,0.19210362,0.15607236,0.110889256,0.002369225,0.13866311,-0.20276125,0.09566025,0.112617165,-0.027476046,0.08691177,-0.17867485,-0.0972165,-0.005388774,-0.03386394,0.0400154,0.3199528,-0.2316807,-0.03919489,-0.09421672,-0.113925494,0.15107025,-0.16630349,0.0022178888,0.45121264,-0.104022525,-0.076203935,0.0009293229,0.100808226,-0.0101076225,0.031601667,0.38709816,-0.011694036,0.020491488,0.10740791,-0.053496037,-0.009305738,-0.6365859,0.013560064,0.040719792,0.06410865,0.15539318,0.10749772,0.078189075,0.029603269,0.18414152,0.13259465,0.046241663,0.27541548,0.0658522,0.017655954,-0.050667062,0.1174899,0.06282178,0.09685721,0.1860664,-0.036233053,0.011774595,0.033590734,0.040042132,0.10488595,0.22716653,-0.1453009,-0.5092635,-0.08665016,-0.28090012,0.27714312,0.01621002,-0.31474718,-0.09511032,0.5107408,-0.49476862,0.5386808,-0.07956708,0.1891726,-0.054426953,-0.02840995,-0.020784818,0.011855818,-0.0028025769,-0.033025872,0.12973942,0.15936905,0.019751653,0.10099712,0.01774544,0.2459239,0.0127613,-1.1628876,-0.09279076,-0.02888463,0.014006194,-0.20232676,0.069036484,0.15624496,-0.0715726,-0.14228058,0.019341711,0.07875365,-0.011334024,-0.053227365,0.28569505,-0.01615711,0.16511562,-0.02286965,0.00094874896,-0.010764966,0.143644,0.34284365,0.40478054,0.00013278052,-0.13989347,0.026756618,0.6764811,0.10893711,0.2277703,0.050729327,-0.3981193,0.061218828,-0.092443615,0.030365784,0.0072316974,-0.15463892,0.21211615,0.038463213,-0.33518767,0.022569388,-0.040458724,0.009050308,0.05396387,0.0017353222,-0.0019904114,-0.091729246,-0.14752845,0.07038768,-0.20097297,0.18828158,0.20268904,-0.1442441,0.18340465,0.073993616,0.19847101,0.041307375,0.3497383,-0.8778291,0.031075077,0.22159322,1.5830522,-0.3767663,0.08084698,-0.259792,0.16268948,0.36792755,0.021039784,-0.13308007,0.16328484,0.21363683,0.3012734,0.011814157,0.097791955,0.05040954,-0.093345955,0.4021082,0.12658764,0.10548265,-0.04960891,-0.03007254,0.032144174,0.10970696,-0.049089447,-0.121130854,-0.22050184,0.10508123,-0.05816395,-0.10337197,0.2762728,0.24418867,0.032359097,0.0723572,0.073966086,-0.19119634,0.05806009,0.041793585,-0.13679127,0.08842902,-0.3559964,-0.048592757,0.0224673,-0.1414275,0.18177897,-0.4315645,0.06926171,-0.028206483,0.061620917,-0.00097643584,0.029523872,-0.141986,0.08015241,0.8106359,-0.048078522,-0.011550584,0.0023792423,-0.06571919,-0.03861943,-0.27130055,0.092269585,-0.0058869272,0.15657637,0.23011564,-0.021796502,-0.070820056,0.61728567,0.3629738,-0.061689287,-0.022448517,0.15010417,0.02698608,-0.04422959,0.017756954,-0.10361475,0.14842372,0.19262108,-0.9552014,0.0054003,-0.019413032,-0.05949679,-0.027154028,0.046226498,0.014381666,0.03154491,-0.2073849,-0.09401831,-0.13004608,0.20578031,0.012899563,-0.18942145,0.15548912,-0.12245908,0.4534192,-0.08346995,0.19066352,0.4567667,0.06351558,-0.042659424,-0.10207236,0.05523406,0.046824142,0.010991238,-0.051621072,0.06628695,1.2021788,-0.010906789,-0.002693843,0.025084123,0.015733015,0.046762288,-0.40225184,0.7338078,0.061572075,-0.04672517,0.14087836,0.06627206,0.38993463,0.19096254,0.06666394,0.51425177,0.0025980435,-0.047748372,0.02231015,-0.115895085,-0.12530264,0.14089894,0.17041044,0.37625968,0.16123894,0.0017247468,-0.1779632,-0.13568816,0.11884056,-0.123250715,0.054134462,0.17887415,0.015904546,-0.03222745,-0.27749994,-0.4979802,-0.16877171,-0.21692069,-0.07337853,-0.21162018,-0.23115303,0.37193412,-0.018084593,-0.471332,-0.10887437,0.13845678,0.03080703,-0.18731499,-0.13429758,-0.28279197,2.227072,0.06734628,-0.15578748,-0.1769391,0.050463755,-0.005161129,0.7104706,0.058064602,-0.07750435,0.0068104044,0.00051274896,0.06941857,-0.1860179,-0.07191621,0.08643778,0.14118586,-0.31713343,0.13751587,0.031681344,-0.07285552,-0.15071914,0.20216024,0.025036998,0.16660863,0.060617894,-0.038001448,-0.033738293,0.25413507,-0.2765985,-0.2334321,-0.5047629,0.07590009,0.43963638,0.12234988,-0.15646386,0.06950906,0.45820093,0.16078392,-0.105688766,-0.018266685,-0.54218704,0.0053549865,-0.016823918,-0.12358956,-0.014399864,0.17509928,0.14395323,-0.1499258,0.14774418,0.19946857,0.19509985,0.16650169,-0.066842094,-0.096092165,0.28579742,-0.57130516,0.5396657,-0.28609437,-0.34988248,0.17333403,0.043586046,0.015636716,0.05252213,0.15825127,-0.006450318,-0.05077739,-0.24855837,-0.05903229,-0.25777054,-0.05935532,0.0654094,0.028981075,-0.2585457,0.40119517,-0.5327248,0.08173549,0.15989727,0.022356527,-0.00074499677,0.027084023,0.03460788,-0.3061488,1.5063483,0.036514692,0.18085699,-0.19605227,-0.32884103,-1.4115876,-0.18488672,-0.110801935,0.060296126,-0.7965644,-0.14764923,-0.118310526,-0.053941637,-0.21356536,0.17611669,-0.22465879,-0.18521692,0.13067487,-0.40827844,0.114969514,0.023064613,-0.38091475,-0.02929646,0.8328054,0.035243154,0.018220495,-0.471761,-0.010382418,-0.42971167,0.012745976,-0.059416216,0.4123303,0.15169145,-0.2816525,-0.021364119,0.16811913,0.051824752,0.070716225,0.15026847,0.074690014,0.19922063,0.1424759,0.0070626214,0.0106629245,-0.09731408,-0.07699995,0.17680949,0.18888086,0.2747414,-0.29552072,0.03405518,-0.005363116,-0.23582573,-0.009354781,0.109187484,-0.14312574,-0.26382175,-0.017919544,-0.19793084,0.012347458,-0.06168396,-0.0004882259,0.14938691,0.014608577,0.19166648,0.38466907,0.035056144,0.0631499,0.030329205,0.015336437,0.17583239,-0.056039736,0.28440276,0.0010701292,0.25270885,-0.41305885,-0.4270118,-2.5986633,7.785944e-05,-0.15374756,-0.4880275,0.084613815,0.1890362,-0.21119177,-0.022720262,0.13628034,-0.12984368,0.058274016,0.11563702,-1.4568744,0.16603655,0.049112074,-0.18854523,0.082913,-0.064678274,-0.11738481,-0.025657043,0.056251362,0.018428288,-0.31919613,-0.08616586,0.019517656,0.53663623,0.0016532093,0.02793026,-0.013824873,0.0024896997,0.16830434,0.40043712,-0.32504916,-0.047754206,0.070709825,-0.038216658,0.04832615,0.12257531,-0.1656762,0.16026852,-0.27213073,0.19092652,-0.10501466,0.18250448,-0.090052724,0.061142277,-0.12712543,-0.04870152,0.04993213,-0.08009677,-0.018349484,-0.049397983,-0.09064999,-0.18191788,0.03074107,0.60588425,-0.026746988,-0.046923637,-0.043149807,-0.022383017,-0.123556264,0.17408682,-0.37765944,0.56653374,0.078762695,0.059552725,-0.25239646,0.23623686,0.17440698,-0.004432671,0.047727384,0.045606356,-0.14217493,-0.058213905,0.033267766,0.39047727,-0.09385363,-0.18252543,-0.036026474,-0.67266154,-0.6279768,-0.13563094,-0.038905933,0.0939613,-0.004997745,0.079478666,0.05186655,-0.15721837,1.380636,-0.327235,1.8077337,-0.18676005,0.09525045,-0.6404901,0.02569375,-0.068759255,-0.013886258,-0.0004435979,-0.38579136,-0.019427259,0.09453242,-0.094396345,-0.040490553,0.11135891,0.18155918,0.074048966,-0.039744437,-0.0556975,-0.13537651,0.37343502,1.6589081,-0.04750541,0.3555802,-0.020810716,-0.120176494,-0.13534474,0.14897889,0.011150368,-0.13913518,0.17819864,-0.022840232,-0.1013264,0.04697868,-0.08157935,-0.5899991,5.4494663e-05,0.19564141,-0.48914427,-0.34195855,0.39672932,0.20484473,0.39630312,0.118682355,0.3530171,-0.055260424,-0.124651015,0.088731065,0.23358509,0.1696178,-0.0075499974,0.072805405,0.0068559535,0.34134546,-0.05465588,-0.013011202,0.21004714,-0.16953452,-0.060207658,-0.08234662,0.15254146,0.1300441,-0.029071342,0.5183537,0.0132710785,0.022745676,0.07839737,0.08487609,-0.047558513,0.4758832,0.010067806,0.030294795,0.030623421,0.00086709857,0.013668691,0.01429067,0.067625366,0.15287022,0.009857345,-0.0021989122,0.19050448,0.03953603,-0.40826333,0.36410403,0.19617185,0.07626783,0.052167688,0.019007057,-0.03796521,0.094837815,-0.092545554,-0.057760216,0.004518643,0.052198194,-0.2790498,0.093192324,0.1604577,0.44454783,0.4067232,0.13775891,-0.18718797,-0.17448409,0.15459731,-0.12646785,0.13513653,-0.06886381,-0.051936638,-0.0016501471,0.0033132434,-0.51284903,-0.24853365,0.07101476,-0.2691757,0.3729585,0.18409644,0.00512193,1.1564691,-0.114414625,-1.0410067,0.2199495,0.4110517,0.23423696,0.3096438,0.34483048,0.3059339,0.20583959,0.086896,-0.14418554,0.10615158,0.21310662,0.20805915,0.03709854,0.09765184,0.10644219,0.21773463,-0.145524,-0.080800004,0.3149439,0.123883426,-0.018955708,0.3842734,0.009639617,0.09457032,0.59175205,0.3749531,-0.08739291,0.10699847,0.037695,0.16043572,-2.2192378,0.005485244,1.6913426,0.048468255,-0.06686382,0.056578394,-0.06883359,0.12430896,0.119398415,0.24098071,0.18512896,-0.014730509,-0.012766328,0.076258644,-0.016351685,0.26076704,0.15680261,-0.16470517,-0.15395434,0.039250523,0.32912013,-0.089759946,-0.18311514,0.050473887,-0.16895027,0.0032078996,-0.010740966,-0.09508829,-0.08035331,-0.07090949,-0.4025313,0.2950759,-0.048504166,-0.10150023,0.0005226433,-0.054699622,-0.010039057,0.0538933,-0.10992324,-0.16841896,0.14035708,0.11281671,0.021963695,-0.15108351,-0.021993667,0.43178067,-0.03734207,0.41852865,-0.00018283725,-0.060883828,-0.03505663,0.42766833,-0.041035123,-7.5840316,-0.02862484,-0.12405205,-0.2955108,0.059729032,-0.25266013,-0.10796268,-0.006954465,-2.0726562,-0.023186885,0.0012796521,-0.3438201,0.04274513,0.255651,0.09873767,0.22229086,0.072986014,0.15572524,-0.0762677,-0.2337511,0.37345123,0.14387326,0.060921255,0.3001214,0.87096405,0.15079187,0.0020640567,0.04422903,-0.16560058,0.13084632,-0.122103766,-0.38917014,0.1645153,0.07303407,0.26290616,-0.1350882,-0.06445094,-0.05176559,0.061475635,-0.19738388,0.037904605,0.00050828606,0.02521459,0.2906943,-0.22155795,-0.06570613,0.07740729,0.006788872,-0.0727869,-0.12550496,0.04380966,-0.315893,0.18981251,0.048192553,-0.031282917,0.6910629,-0.0127850585,0.17571364,-0.10768095,0.14410901,0.020331457,0.34071416,0.09361607,-0.081401825,-1.9910095,0.21304311,-0.040195774,-0.036020685,0.03719841,0.050289817,-0.06829029,0.06977557,-0.26933318,-0.18103087,0.035260372,-0.6478971,-0.77420527,0.04151895,0.00933991,-0.02963848,-0.025103228,0.09890642,0.78785014,0.08688027,-0.015773911,-0.052876666,-0.07977585,-0.07832308,-0.06437517,0.19201623,-0.091303974,-0.4623563,0.013635606,-0.1463458,-0.093549535,-0.15150522,0.15521768,0.13472222,0.06275025,0.10639706,0.27537382,-0.110155806,0.018205741,-0.25244132,-0.04315372,0.4722425,-0.19760066,-0.21668908,0.11943495,0.5371226,-0.02518541,0.092194304,-0.25005937,-0.17696041,-0.0969439,-0.3480688,0.027417053,-0.15039265,-0.030421466,0.20072164,-0.31798828,0.030225,0.030791972,-0.15853667,0.36219352,-0.19155952,-0.54701203,-0.19797494,0.045603737,-0.1048407,0.04614623,-0.10144782,-0.14524952,0.08426823,-0.07459919,0.16268806,0.26371315,0.010565417,-0.03550013,0.12825543,0.46409923,-0.07882206,0.29523212,-0.22778288,-0.03575458,0.3089777,0.08233872,-0.020971388,1.0710796,0.07193182,0.013824947,-0.044349436,0.17096561,-0.1562296,-0.4990129,0.06271557,1.6929102,0.26355088,-0.015296154,1.297285,0.022565456,0
-0.019520856,-0.023130571,0.20843792,0.2093095,0.07097757,0.353504,0.49812117,0.09249979,0.014011215,2.0910277,-0.027662065,-0.04081447,-0.4513225,0.035781432,-0.114124954,-0.09206949,0.22126096,-0.055506364,0.21911943,0.06563121,0.06946359,-0.13382307,0.22539541,-0.44191277,0.20313478,-0.17626798,0.31418994,0.105892874,0.4811268,-0.0062488467,0.17600533,0.0932899,0.06488469,0.0031271316,-0.17002968,-0.013518322,0.08422481,-0.10256204,0.0615553,-0.0034777736,0.052493542,0.37119,0.26619363,-0.015995298,-0.05113416,-0.2435022,-0.022959031,-0.10933524,0.041608237,-0.5379726,-0.017714716,-0.31853223,0.15695764,-0.09891994,0.32236084,0.00064757466,0.086419545,-0.13820466,0.09080445,-0.07169062,-0.32066843,-0.17620227,-0.15722835,0.3157521,0.3548902,0.1735674,0.07765468,-0.41216677,0.059527904,-0.064491324,-0.17973712,0.06600771,-0.14617464,0.023053914,-0.04644743,0.025427083,0.07383338,-0.28403372,0.016501961,-0.025729164,2.4253345,-0.3963873,0.0002402179,0.081977114,2.3422334,0.19035976,-0.039185673,0.07100265,0.09655038,-0.51630956,0.07675815,-0.024032533,-0.011971042,-0.03321111,0.09737798,0.12361738,0.079734474,-0.22667795,-0.74936604,-0.096032634,-0.13053855,0.011613572,0.2285496,-0.32035092,0.25319204,-0.14267373,-0.18725164,-0.26226878,-0.070281915,-0.14502995,-4.7501907,-0.023551568,0.11559837,-0.07357161,0.40366495,0.14281312,0.014760509,-0.058401726,0.12922348,-0.4102432,0.11765018,0.1593914,0.037658423,0.060271077,-0.18738288,0.10489722,0.012422033,-0.1126107,0.26285893,0.3304408,-0.12781705,0.07437974,-0.059605934,-0.17996752,0.20623344,-0.2554603,-0.024532981,0.26353714,-0.12908441,-0.005931426,0.054421797,0.0511272,-0.048789293,0.17730094,0.3269655,-0.0017955229,0.10703933,0.03807392,-0.03253161,-0.20620191,-0.53406036,0.11295454,-0.0067204135,-0.057358176,0.22810288,0.25906914,0.10838828,0.18868726,-0.0026568323,0.19027665,-0.020046541,0.23094359,0.20729755,0.034176074,0.065440044,0.22651234,0.20798898,0.24802387,0.32476297,-0.04157559,-0.04871294,0.24286774,-0.043526135,0.081246495,-0.13141589,-0.030596321,-0.64280707,-0.10585014,-0.30702204,0.3084938,0.53616405,-0.21823782,-0.077889964,0.96158403,-0.30297855,0.60540694,0.022242632,0.20979333,-0.060834244,-0.1959404,-0.0049385615,0.119548,0.013078734,0.10983464,0.1961673,0.13488726,-0.13177556,0.046360813,0.08363594,0.25583014,0.029852048,-1.1558551,-0.04954379,-0.05498243,0.18678501,-0.1677531,-0.10292877,0.07353635,0.05219156,-0.18981212,0.12273184,0.13472259,-0.02717477,-0.093867056,0.21965745,0.012778657,0.23811577,-0.09799196,0.00083394535,-0.06588318,0.0950249,0.48516673,-0.047126446,-0.04936562,-0.12813817,-0.07262007,0.51048183,0.1364652,0.33535492,0.29634738,-0.16468906,0.078552455,-0.21018443,0.062144764,0.054584004,-0.047473133,0.061964214,0.04687817,-0.27159768,0.1387637,-0.4155681,0.021009982,0.0059884563,0.0027497313,0.026451346,-0.10001165,-0.08775754,-0.20298193,-0.13026214,0.37417814,0.11851421,-0.1093689,-0.29832187,0.13496916,-0.019566048,-0.09379798,0.260828,-1.1636689,0.11003603,0.29459247,1.6114745,-0.4333961,0.29350334,-0.7370542,0.5703194,0.77229565,-0.46947992,-0.27187735,0.013830904,0.13966642,0.17355418,0.06282472,0.016992413,-0.09761076,-0.31711122,0.6401862,0.109200835,-0.06757892,-0.12766093,-0.033505812,0.04661972,0.017729297,-0.11787756,-0.086355336,-0.31807387,0.20445032,0.13487044,-0.2224763,0.41874015,0.16424958,0.024670713,0.017290603,0.04496798,-0.1186052,0.05005031,0.05909664,-0.059605498,-0.0019458979,0.015315458,0.18663377,0.07509688,-0.12693562,-0.016128272,-0.31790426,0.025079377,0.13144004,-0.11330193,-0.047512606,0.23882782,-0.21873036,0.25255007,1.100344,-0.045577887,-0.06302063,0.11114399,-0.5208894,-0.42295712,-0.24139744,-0.20916367,0.21194382,-0.116186544,0.039626166,-0.09908055,-0.045114197,0.5574151,0.37868935,0.08795945,-0.056218613,0.23059365,-0.18257594,0.11828023,0.053326875,-0.15662025,0.14448678,0.50599754,-0.62629277,0.08572745,-0.003929521,-0.32236263,-0.049264,0.11141505,0.07015396,-0.18750864,-0.41974723,-0.122156166,-0.043310076,0.2817827,-0.3040779,0.012610897,-0.036009144,-0.20840022,0.43771672,0.114893615,0.17264771,0.617179,0.028419102,-0.13108936,0.08632375,-0.057922523,0.19424729,-0.030626832,-0.08679335,0.16684984,1.1291987,0.048899364,0.04257884,0.005751565,-0.025151927,0.16640583,-0.74492306,0.3588513,0.07528623,-0.053145587,0.06045319,0.08181792,0.33543932,0.22065721,0.01838487,0.68671924,0.0025797084,0.1027441,0.008905374,-0.12993473,-0.2256946,-3.1802803e-05,-0.013104796,0.33281478,0.15857285,0.0014155068,-0.20505066,-0.28308693,-0.05749671,-0.24876745,-0.047819696,0.16178818,0.1167325,0.0009003766,-0.31856722,-0.68267304,-0.14694719,0.08860284,0.009592734,-0.33228385,-0.41307896,0.045706823,-0.004311785,-0.24793851,-0.097829096,0.1979391,0.118888296,-0.11357702,-0.13041829,-0.29306954,2.6526825,0.012175232,-0.264815,-0.15855257,0.10295953,-0.13006873,0.4293276,-0.40408856,-0.032932073,0.063839644,0.014047824,-0.06061709,-0.097846344,-0.101738304,0.11598102,0.28416306,0.0039274693,0.11866157,-0.18681753,-0.016280143,-0.158669,0.36660153,0.09948074,0.039781302,0.06320425,-0.54906684,-0.05213578,0.35644835,-0.07510655,-0.55829746,-0.5429301,0.09581563,0.38359228,-0.088505544,0.06994933,0.0090514645,0.24141228,-0.08740072,-0.44389755,0.07620192,-0.6993135,0.058039483,-0.18152681,-0.18952078,-0.12007817,0.33951917,0.0053978413,-0.29839543,0.23811209,0.110767476,0.11324139,0.0072506396,-0.12319439,0.098495945,0.077079356,-0.47382632,0.47454926,-0.3659326,-0.30574894,0.13398868,-0.12968802,0.05924299,0.30387992,0.12126036,-0.07953724,-0.0958147,0.08280453,0.09398919,-0.12582311,-0.05282173,0.13340421,-0.040122986,-0.07713747,0.28298697,-0.55963117,0.15451115,-0.03651777,-0.03550022,-0.00053023535,0.05985242,-0.037065208,-0.39659593,1.7971836,-0.02059421,-0.40132838,-0.16731195,-0.5871792,-1.6445829,-0.17284742,-0.037613623,-0.44000897,-1.1173368,-0.4561777,-0.263527,-0.036624126,-0.2526647,0.36246884,-0.34582955,-0.26108068,0.077377595,-0.43702465,0.11116922,0.10807639,-0.4742781,-0.0945614,1.0785391,0.10457862,0.017245604,-0.21936119,-0.04156605,-0.16474849,0.007201493,-0.08722526,0.091435686,0.20176803,-0.47428125,-0.008048121,0.15646875,-0.11717799,-0.063757904,0.19694081,0.083325416,0.22364433,0.061537776,-0.01862336,0.12470057,-0.11971153,-0.087276414,-0.057335608,0.114008464,-0.080163285,0.056778893,0.14264423,-0.062106054,-0.2939221,0.10403533,0.08013058,-0.10861197,-0.08882878,-0.039463043,-0.1316307,0.032050774,-0.0033013374,-0.00070836156,0.20677912,0.064619176,0.24803734,-0.34709454,0.04446302,-0.014224943,-0.05253639,0.034216847,0.122173816,0.029906835,0.35171193,0.054767728,0.20151162,-0.411134,-0.27339098,-3.1634536,7.6262935e-05,0.46457672,-0.46441975,-0.14704528,0.28521383,-0.025970317,0.052034773,0.04172848,0.012880906,0.15088421,0.23508988,-0.5365684,0.1773892,0.111280434,-0.2016023,0.019862033,0.19287649,-0.20543443,-0.38232014,0.37393907,-0.09321865,-0.35518286,-0.038821623,0.028223548,0.7356658,0.12191369,0.85797095,-0.10491713,0.0022718592,-0.0047448874,0.0051971227,-0.15412545,-0.13292214,-0.19677225,0.030837743,0.07595187,0.14281729,-0.18451074,0.26361752,-0.20258844,0.13361356,-0.25801244,0.19615638,-0.026203271,0.100104526,-0.34040958,0.067689285,0.030855205,-0.08792369,-0.20889965,-0.2656085,0.0055187363,0.090446874,0.12696423,1.747565,0.004043257,-0.15698317,0.00875522,-0.07018402,-0.13639867,0.29559013,-0.5503604,0.6762259,-0.05219384,0.11476837,-0.16128263,0.4209103,-0.15456605,0.0727303,-0.028165588,0.1592371,0.031131849,-0.1075006,0.1943562,0.5557839,-0.09276469,-0.05149232,0.050177038,-0.8183545,0.029655555,-0.12284656,-0.11298141,-0.035202574,0.4085297,-0.042476833,-0.09803279,-0.152606,1.375283,-0.25868988,1.8753352,-0.06194061,0.038056247,-0.24106957,-0.06114527,0.01452383,-0.19756758,-0.00039393007,-0.28729263,-0.006259516,0.07321163,-0.17348933,0.1969685,0.16169262,0.020008415,-0.29968357,-0.07069476,-0.07173182,-0.04739513,0.4365234,1.5093269,-0.009800693,0.61786044,-0.13806593,0.12468772,-0.044830307,0.14325827,-0.0048854128,-0.13760337,0.20255795,0.22182883,0.11461576,0.22174522,-0.17346464,-1.9807929,4.524439e-05,0.03651505,-0.3485468,-0.42143103,0.13527706,0.3962614,0.2983631,-0.23063186,0.2707165,0.11965071,-0.15107243,0.019961689,0.2047693,0.050678495,-0.08038357,0.20057027,0.039920285,0.37250018,0.13592215,0.0037276484,0.2767889,0.0037361234,0.052342027,-0.040105384,0.35403055,0.16159281,0.0468704,0.30590963,-0.0496649,0.012922711,-0.032995664,0.12215769,-0.06311561,0.75953007,0.13372555,0.010931041,0.28023714,-0.11108981,-0.036216367,-0.17816648,0.08502668,0.07686358,0.19915617,-0.061025675,0.11700838,-0.022300452,-0.63830805,0.3853221,0.30682555,0.08361388,0.06333176,0.107636735,-0.059329055,-0.054659158,0.03653574,-0.20039642,0.038864236,0.16739435,-0.16704655,0.13545367,0.3021968,0.124210395,0.64512104,0.32533386,-0.41650566,-0.25312692,0.10689709,-0.27676108,0.21677917,-0.21942994,-0.0129175335,-0.09710464,-0.0952211,-0.7328441,-0.084423386,0.0023475885,-0.63388866,1.0273542,0.3713531,0.1620143,1.0360297,-0.25412685,-0.9378733,0.44039902,0.2679363,0.6817931,0.22783627,0.23277947,0.17344545,0.13996471,0.029839166,0.024443364,-0.013817083,0.07737368,0.108527295,0.10722298,0.106093034,-0.060483146,0.30291376,-0.047312304,-0.024188403,0.13171777,0.10598458,-0.027848542,0.18467155,0.07873022,-0.030955937,0.17482725,0.9379124,-0.15302373,0.45310995,0.03391953,-0.10072132,-3.6625528,-0.080270365,0.49880046,0.030397303,-0.05882872,-0.17921665,-0.13021562,0.19680947,0.20638488,0.25665045,0.037555203,-0.059531555,-0.35355815,0.001302857,0.010080341,0.12780876,0.04751727,-0.15256059,-0.34936705,-0.058173295,0.39788455,-0.2919796,-0.24694465,0.16892521,0.07794373,-0.035714142,0.069394186,-0.06703845,0.028477184,-0.36890584,-0.32432324,0.50605226,0.057125762,-0.061800748,-0.06718118,-0.09325346,0.3294078,-0.002124412,0.041022792,-0.15102443,0.28266072,0.017599553,0.033135723,-0.0666115,-0.10927521,0.2558059,-0.018036261,0.40344012,-0.017759778,-0.10624764,-0.02733242,0.45076165,-0.09623989,-9.709513,-0.020862296,-0.043598447,-0.40994182,0.056281053,-0.10807507,-0.13271385,-0.07930196,-1.3959854,-0.02673579,0.038066287,-0.27831432,-0.21157834,0.20221642,0.052552857,-0.106781386,-0.02565609,0.21156886,-0.14487933,0.0018066019,0.16535227,0.48838824,0.07700558,0.39929742,-0.28003266,0.22723326,0.04611727,0.023870766,-0.1888233,0.15227944,-0.21245301,-0.41020855,0.1788438,0.039227605,0.48574755,0.10218204,0.13950072,0.016268004,0.024280565,-0.28178158,0.11530983,-0.010219354,-0.061925307,0.15893075,-0.109331876,-0.22175792,0.18876977,0.24354678,-0.15385358,-0.14851737,0.11069223,-0.35365158,0.23921429,0.082034454,0.04920064,0.6143596,-0.06802853,0.32399425,-0.068193816,0.20651543,0.0070326813,0.25411826,0.084842324,-0.020911124,-2.012711,0.36436692,-0.034908876,0.020886436,0.18128058,0.0810782,-0.016506428,0.15654692,-0.08912589,-0.3924131,-0.16026986,-0.72116053,-0.68555605,-0.06293084,-0.35313398,0.01568519,0.0625142,0.18677372,0.9827814,0.10528523,0.03677328,-0.2517221,-0.1348166,0.08718163,0.10895303,0.09357154,-0.12322324,-0.5571763,0.029151645,-0.2894289,-0.23116322,-0.23319513,0.20279455,0.0818288,-0.30823168,-0.36042142,0.099135876,-0.064439856,0.07449219,-0.14677252,-0.047580294,0.4062922,-0.26930198,-0.14958473,0.119975045,0.3947289,-0.036356397,0.012415558,-0.2660283,-0.18351793,-0.35880765,-0.34379137,0.16629308,-0.16148,-0.005498348,0.085131295,-0.23467584,0.019090444,0.13075936,-0.2895013,0.63819766,-0.052259654,-0.159087,-0.2634989,-0.19601114,-0.09935798,0.058798842,0.04398145,-0.17287022,0.03675604,-0.031819455,0.29717588,0.054267254,0.079829745,-0.09954696,0.15490621,0.64255476,-0.18419394,-0.04665444,-0.07333298,-0.03943213,0.23814057,0.08131489,0.011664122,1.3258638,0.11871852,-0.016059164,0.1418796,0.1373057,-0.107566595,-0.4307822,-0.017950825,3.019813,0.34351122,-0.02662889,1.232697,-0.0056976303,1
-0.036254026,-0.0015237629,0.25410444,0.22721784,0.32576656,0.24711874,0.92907226,0.20635763,-0.06315899,2.0568123,-0.018675536,0.0064699687,-0.42160043,0.10518186,-0.2654687,-0.09139403,0.059440196,-0.099999584,-0.06123381,0.02204247,-0.3593473,-0.028498787,0.3638422,-0.16989265,0.22168079,-0.28104323,0.36834496,0.22758195,0.31836966,0.010796964,0.19575255,0.15590505,0.03532633,0.033269085,-0.33473969,-0.0058805123,0.06939031,-0.076768786,0.033553537,-0.13849549,0.07055375,0.2364555,0.5079887,0.07752186,-0.09133461,-0.22056694,0.019148339,-0.09846168,0.18928403,-0.42805344,-0.022972323,-0.45011818,-0.011686381,-0.01403936,0.6192625,-0.13584447,0.0038452633,0.091823846,-0.08681481,0.033195697,-0.5547325,-0.19731799,-0.003305506,0.30230808,0.32514697,0.1987372,0.16586316,-0.34517545,-0.024469841,-0.07378575,-0.15837112,0.04164607,0.056093603,-0.05847623,0.10260874,0.028083535,0.24333405,-0.3303882,-0.027544107,0.087879784,2.2374165,-0.33456898,0.04852225,0.19764934,2.6726394,0.17653286,-0.23479855,0.12469998,0.08470136,-0.0691617,0.027726807,0.018190622,-0.1438111,-0.040254585,-0.029468765,0.100519806,0.10948489,-0.18553431,-0.8228801,-0.051740088,-0.036414392,-0.064292595,0.21772777,-0.25672728,0.39521724,0.026218832,-0.16987461,-0.25453264,0.0035800848,-0.1516935,-4.56553,-0.025210872,0.04551395,-0.03295472,0.2882898,0.21187031,0.11516123,-0.06472486,0.050430205,-0.5747544,0.17150196,0.12981418,-0.0035468452,0.03563436,-0.121833436,-0.04641071,0.06896998,-0.0803442,0.16604297,0.27558446,-0.10505214,-0.042809285,-0.10665722,-0.20579167,0.1565283,-0.19516683,0.028868185,0.19400674,-0.11155994,-0.0044177286,0.02599642,0.095451206,-0.047825,0.113131136,0.2552806,-0.060469814,-0.030175721,0.073798075,-0.12375347,-7.331371e-05,-0.48196137,0.0911317,0.0074911052,0.14109066,0.17567165,0.23462018,0.113701954,0.2208254,0.16416627,0.21006027,0.037967972,0.27885944,0.17397657,0.121535026,0.12458857,0.13898815,0.037671905,0.28296784,0.24752903,-0.09375757,-0.01217905,0.10609715,0.00298764,0.11026172,0.20020366,-0.08544615,-0.56114006,-0.20841393,-0.39401,0.32826215,-0.1329658,-0.41576213,-0.112972386,0.66174257,-0.36791876,0.44370988,0.0109079685,0.20125562,-0.05157512,-0.02989028,-0.005420111,0.09672478,-0.0085092075,-0.07092734,0.041255727,0.18515298,-0.050609134,0.091027826,-0.014480917,0.25758073,0.025228195,-1.1334198,-0.08813224,-0.08290531,0.043766573,-0.20259744,0.0068761148,0.10983688,0.04955478,-0.04815367,0.1280997,0.08849532,-0.064913094,-0.09163223,0.1541234,-0.050148457,0.33442885,-0.04571952,0.0009001832,-0.10356125,0.37321466,0.4084218,0.25976866,-0.035415567,-0.13365175,-0.050442047,0.2628173,0.12036699,0.31760702,0.1860757,-0.31362775,0.0375159,-0.3303789,0.0029359385,0.013352876,-0.095410146,0.20491338,0.106254175,-0.32897317,0.14006004,-0.13800457,-0.05404578,0.015223671,0.0022427775,0.00020477548,0.041926473,-0.022777274,-0.18721718,-0.29656708,0.29285482,0.17715338,-0.14803866,-0.24879648,0.27104458,0.059980482,-0.18125348,0.32664722,-1.055943,-0.034647062,0.21658643,1.6301991,-0.42242375,0.13364357,-0.73313004,0.38348085,0.67625093,-0.19869411,-0.049933027,-0.17223343,0.12820016,0.26195928,-0.05057025,0.10321392,0.014782909,-0.22211173,0.5030195,0.14296123,0.0654424,-0.09149582,-0.05813256,0.059254147,0.08519161,-0.23226798,-0.03513247,-0.23427036,0.15396264,-0.014051519,-0.17005193,0.2721702,0.11949074,0.030375503,0.1440469,0.03340876,-0.17674293,-0.026886646,0.031988405,-0.15667158,0.15395579,0.036494132,0.023849893,0.13893469,-0.061247654,0.2584373,-0.3684627,-0.034182224,0.07181704,-0.043483682,-0.029377997,0.17244981,-0.23556642,0.18800446,0.82869077,-0.010197936,0.071901165,0.0075506195,-0.22462448,-0.4022901,-0.34761482,-0.049686834,0.18151781,-0.067727506,0.19817692,-0.058924664,-0.018670918,0.53917414,0.39425617,-0.03477501,-0.11013371,0.31879836,-0.15078595,-0.035777956,-0.048264906,-0.1611323,0.18039492,0.34599078,-0.8785667,0.05286996,-0.038114984,-0.13883929,-0.13131478,0.0867686,0.054115035,-0.040151134,-0.39551294,-0.12413738,-0.16189061,0.16920952,-0.11243962,-0.09691426,0.05490818,-0.15007636,0.46089178,0.09074023,0.15216172,0.47142816,-0.004345201,-0.001372844,-0.0781838,-0.13780332,0.074907504,0.02322757,-0.04657141,0.13478342,0.98106444,0.055106703,0.048926346,0.07187994,-0.019267429,0.18036352,-0.24560124,1.2131958,0.0579409,-0.09113947,0.26007596,0.08014245,0.52963096,0.011444559,0.026035078,0.62501144,0.0026622713,-0.04470074,0.05867689,-0.14879794,-0.26313034,0.012041628,0.045747522,0.45627853,0.1067272,0.0015731287,-0.13143569,-0.23635828,0.07363035,-0.38067326,0.05491889,0.14805576,0.085150555,-0.007466063,-0.39073592,-0.5006367,-0.25075302,-0.07732256,-0.019587483,-0.44224223,-0.2657855,0.28755906,-0.0112662725,-0.24816057,-0.09358982,0.09454707,-0.0025979057,-0.18594298,-0.100705564,-0.30220276,2.5937045,0.058348067,-0.23596391,-0.17175573,0.049701083,-0.06528458,0.6962369,-0.30454987,-0.070297986,0.07022608,0.030919103,-0.016093642,-0.13887893,-0.15314308,0.056799192,0.26250458,-0.16181806,0.17420353,-0.0016682595,-0.014923111,-0.041972943,0.25674373,0.0751057,0.1679517,0.06842923,0.113476425,-0.020857923,0.2848871,-0.19948143,-0.31880146,-0.25922632,0.100390196,0.14653902,0.1559768,-0.054175854,-0.03388974,0.19755316,0.06686266,-0.33786803,0.030604899,-0.4950594,0.01148266,-0.07999018,-0.1494596,-0.12460055,0.21699643,0.0034408402,-0.24371666,0.22598082,-0.011241827,0.32827857,0.12660718,-0.12128405,0.036528174,0.14147505,-0.47124106,0.3278454,-0.45368448,-0.35272563,0.18969922,-0.045335457,0.07698597,0.27339774,0.15387866,-0.05417164,-0.11101358,-0.05645258,-0.2371756,-0.20197967,-0.018638805,0.10209933,0.007726848,-0.12680657,0.51956815,-0.54615325,0.13785598,-0.046723716,-0.011394891,-0.00069873815,0.060816094,0.013051223,-0.32144684,1.8739843,0.043544516,-0.0145583,-0.26107758,0.10351519,-1.5609576,-0.24474767,-0.0041220654,-0.3037839,-1.0936157,-0.31737015,-0.3002383,0.015451714,-0.1408308,0.28263167,-0.3494415,-0.07430617,0.13042988,-0.58338594,0.09437839,0.09932804,-0.6397845,-0.086065054,0.8402345,0.107435144,-0.036133647,-0.34886014,-0.014649857,0.242735,-0.0025863647,-0.114948735,0.17145452,0.18878569,-0.31359822,-0.014093634,0.10540263,-0.06373657,-0.049905322,0.07976027,0.17443848,0.1698406,0.06575541,-0.026475482,0.19208208,-0.055713847,-0.0013452433,0.030077491,0.10222452,-0.17366403,-0.06944507,0.15154482,-0.031086253,-0.29102832,-0.01871682,0.08070816,-0.074039266,-0.14974147,0.0052201347,-0.14475095,-0.0031934232,0.046474878,-0.0005105169,0.07129698,-0.0033165738,0.27949798,-0.44765094,-0.038552083,0.017008565,0.007886739,0.05442995,0.07815726,-0.015306203,0.39119014,0.0663563,0.19731016,-0.40488815,-0.2683221,-2.943959,8.201464e-05,0.33555278,-0.65213805,0.14324677,0.2155233,-0.06455445,0.08436836,0.13286746,0.0004659444,0.15002713,0.11587075,-0.24241638,0.29727915,0.16505852,-0.28533483,-0.06861618,-0.084752515,-0.1587033,-0.18176046,0.36554047,0.022853017,-0.35415888,-0.06497121,0.057166692,0.6012519,0.09647309,0.41529205,-0.06802578,0.002270263,0.046342596,-0.016242117,-0.33901578,-0.09475961,-0.048551053,-0.067629755,-0.035735928,0.25210464,-0.29425782,0.13602829,-0.0016895533,0.08976667,-0.19769457,0.2351865,-0.062094986,0.163277,-0.36781877,0.18131167,0.01880347,-0.09952329,-0.07270614,-0.22811656,-0.112739645,-0.07109011,0.06956354,1.2206837,0.04481802,-0.10693884,-0.056883574,-0.091955334,-0.1196607,0.37424496,-0.48025516,0.4324451,0.0013531735,0.080039345,-0.22652514,0.36346486,-0.123194784,0.056325268,0.011550982,0.09021361,-0.03589437,-0.17197964,0.18348402,0.75543815,-0.11932341,-0.080044374,0.07217167,-0.9971703,-0.3102231,-0.07004957,0.004566647,0.019968312,0.4174867,0.063037,0.082426324,-0.05088898,1.3377202,-0.29558122,2.0607016,-0.09302194,0.03575611,-0.64089775,0.08172794,-0.037598338,-0.08027467,-0.00041731645,-0.32783598,-0.10599269,0.038200855,-0.12839554,0.27772826,0.106850654,0.15127768,-0.1410061,-0.059388753,-0.037554074,-0.11141109,0.39795232,1.6229038,-0.044153407,0.7612328,-0.0670155,-0.12101047,-0.15849894,0.15863755,-0.038885523,-0.1918724,0.19088164,-0.03608571,0.019208444,0.22370908,-0.1433103,-2.1521165,4.882694e-05,0.04234967,-0.6495411,-0.31608295,0.28478435,0.2619246,0.445238,0.08523026,0.29762143,0.051366955,-0.19350101,0.14973153,0.23860493,0.05118082,-0.0043239705,0.00669425,-0.0004942529,0.4257644,-0.0048604645,0.072505735,0.4968637,0.061066978,-0.023875186,-0.059266683,0.19152486,0.21089351,0.04287595,0.31371638,0.07802721,-0.03234268,-0.036533352,0.12252688,-0.026238095,0.76920986,0.07356298,-0.014271656,0.06979418,0.19036937,0.029135726,-0.1230351,0.11088803,0.096383005,0.022119824,0.027010567,0.13528277,0.024105519,-0.75995076,0.39379424,0.25041398,0.09856558,0.04868622,0.053731665,-0.09778442,0.03672596,0.09924886,-0.11294035,-0.015370496,0.13791737,-0.2688958,0.23816612,0.37057787,0.3996811,0.17816001,0.23095253,-0.19448215,-0.17891884,0.03986473,-0.21663,0.16331224,-0.0815444,-0.072921626,-0.07991147,-0.118165046,-1.0649738,0.0076184385,-0.052626908,-0.5661653,1.0015941,0.37812817,-0.029984385,1.2728301,-0.17441809,-0.8320284,0.30149832,0.2409031,0.58196217,0.3734226,0.34652635,0.34461936,0.062572666,0.09779362,-0.03667288,0.061335556,0.123440206,0.19379953,0.09546373,0.04163274,0.04319964,0.235502,-0.0021508224,-0.014768551,0.19640896,-0.038228825,-0.014603414,0.19018798,0.034682132,0.030910864,0.64262366,0.74689686,-0.13994178,0.11995723,0.03948625,-0.010511154,-3.2639956,-0.08414087,0.4227103,-0.17943788,-0.06172593,-0.10915491,-0.14220035,0.23039299,0.24624953,0.18633157,0.08276595,-0.011440374,0.07282743,0.07027717,0.051366348,0.2918197,0.09601474,-0.10502506,-0.18128368,-0.019768212,0.27729145,-0.17394224,-0.40314186,0.014253482,-0.01347208,-0.02445475,0.043684173,-0.13219607,-0.032941125,-0.22742064,-0.47506803,0.11723714,-0.022394963,-0.1235328,-0.04908295,-0.06862389,0.29942885,0.10496436,-0.040015984,-0.13158509,0.21949692,0.110826075,0.0055334372,-0.03154549,-0.09992468,0.49716836,-0.015650168,0.36275682,0.0040519536,-0.1296848,0.08805893,0.4397195,-0.15895924,-8.739939,-0.03176575,-0.10329403,-0.36136174,0.10551281,-0.24245583,-0.16535506,-0.0792404,-0.9183354,-0.014403649,-0.0014421567,-0.25516683,-0.120838106,0.24463922,0.09410845,0.17967704,0.063137405,0.23505737,0.007475525,-0.18044148,0.27292523,0.23972505,0.16856503,0.4233348,0.07731643,0.22083184,0.024216987,0.054321706,-0.17342207,0.25654086,-0.10487515,-0.46419874,0.18241617,0.023957595,0.41039252,0.27884543,0.0736635,0.068447396,0.026008278,-0.28717932,-0.020868704,-0.0026042275,0.021773297,0.24668638,-0.02021499,-0.19925368,0.069288984,0.1477713,-0.12052372,-0.07796279,0.04891959,-0.32908633,0.24284564,0.07996237,-0.29111183,0.5879788,0.058481902,0.2608785,-0.09533243,0.25445342,-0.00515105,0.35606235,0.1035649,-0.037129663,-2.0274777,0.33728433,0.016073389,-0.086209506,0.05978084,0.07592505,-0.06962848,0.116233975,-0.13462144,-0.23244447,0.08214692,-0.81179655,-0.5571033,-0.050261974,-0.16218351,-0.008745871,-0.08989254,0.109983854,0.84821093,-0.07616018,0.06932129,-0.18640679,-0.0951878,0.061836056,-0.048489325,0.15895793,-0.094729446,-0.47692198,0.121347725,-0.20097363,-0.14352326,-0.04668264,0.091333464,0.06698126,-0.14841756,0.07037254,0.1889717,-0.09489938,0.04190909,-0.24225986,-0.051333852,0.50085235,-0.20653848,-0.2587168,0.13350025,0.39455047,-0.056281395,-0.11319466,-0.22602181,-0.2446471,-0.20589186,-0.33245358,0.09437509,-0.104380496,-0.04151544,0.18314728,-0.3210544,0.030414127,0.074760884,-0.050316375,0.41131648,-0.15585941,-0.42670578,-0.27867484,-0.11596319,-0.08599742,0.046255536,-0.04820671,-0.10328601,0.120824374,0.19627604,0.1703366,0.23490618,0.00027079135,-0.0093463585,0.16157663,0.50419885,-0.11356925,-0.09905763,-0.14679314,-0.066880345,0.27963093,0.071533635,-0.038858876,1.6783326,0.13620684,-0.041470125,0.13894004,0.16541362,-0.18278867,-0.38561782,-0.011414368,2.7366426,0.2778348,-0.008832939,1.4363905,-0.04385294,0
-0.015694363,-0.029410765,0.26584572,0.14786988,0.19447112,0.22062588,0.72857887,0.09165335,0.07539049,1.4635658,-0.040587973,-0.08705088,-0.25689846,0.01656704,0.5056461,0.0019425228,0.15849265,-0.044438004,0.15822849,0.035003986,0.046882838,0.020486467,0.16239199,-0.46732378,0.22427349,-0.116153225,0.56278,0.02780048,0.45204604,0.010542996,0.011492562,0.012813926,-0.106856406,0.03377134,-0.19179137,0.06406853,0.13197577,-0.03090116,0.013904335,-0.11495975,0.20260286,0.3441341,0.15312348,0.14885792,-0.02788043,-0.24471168,0.04691264,-0.190009,0.19550094,-0.58131194,-0.018525213,-0.40828452,0.1345949,-0.047588155,0.4287248,-0.09791111,-0.079016864,-0.11664635,0.052619845,-0.14742467,-0.5322019,-0.15605414,-0.2306457,0.38808155,0.4165891,0.14817864,-0.042049184,-0.5412166,-0.10242675,-0.04656285,-0.25208864,0.12836434,0.058104247,0.02888655,-0.044840775,-0.026463777,0.1323972,-0.28114766,0.07302857,0.19395189,2.4138358,-0.31481183,0.060338754,0.29862928,2.4697392,0.19163607,-0.07727148,0.102565706,0.100252874,-0.6128276,0.022391595,0.13223703,0.011401802,-0.040049333,0.11156419,0.11921634,0.0050499365,-0.18991059,-0.7869802,-0.08215229,-0.036531985,-0.01727641,0.06230089,-0.253819,0.21726805,-0.07402152,-0.16546586,0.023087762,-0.08512666,-0.1268391,-3.7915087,0.012572184,0.087415084,0.089168206,0.32368615,0.10872314,-0.00052306056,-0.028923094,0.09370708,-0.4449593,-0.0063587753,0.10563327,0.027271286,0.04094258,-0.066638425,0.13686468,0.104395784,-0.14679828,0.27060154,0.2610766,-0.10161131,0.042440787,-0.16251616,0.050675407,0.18165825,-0.2398462,-0.05712069,0.39251983,-0.12326631,-0.031042077,0.036824256,-0.004276125,-0.14196445,0.19790402,0.22482055,-0.11741573,-0.043642364,0.13951412,-0.20563734,-0.009614281,-0.11351207,0.10047376,0.039627045,0.064053506,0.35691723,0.18337876,0.09256246,0.09847696,0.053494364,0.0087403525,0.0076243747,0.24121237,-0.050261796,0.022226088,0.07505569,0.16971007,-0.073017225,0.30148926,0.41190577,-0.09221925,0.07188306,0.20419201,-0.11730495,0.10582986,-0.51202494,0.05844178,-0.6311651,-0.036257595,-0.24261048,0.26992682,0.3934513,-0.1665492,-0.085278526,0.88552344,-0.256872,0.5824473,-0.0019335113,0.09223384,-0.04269989,-0.028548952,0.038833406,0.029630058,0.024021264,0.0819005,0.09300674,0.014100773,-0.23548314,0.08684765,0.08946855,0.2596503,0.032351997,-0.93493426,-0.045944236,-0.07583186,0.14064825,-0.035214067,-0.056629095,-0.044611275,0.13417372,-0.09193215,0.07965529,0.11282198,-0.0010905638,-0.10954502,-0.0056899562,0.019400777,0.34658292,-0.018758662,0.0008677714,-0.097657025,0.13772339,0.3391229,0.10917847,-0.10053257,-0.10444724,-0.0842714,0.40399137,0.04258699,0.31266302,0.28209487,0.010821561,0.15202636,-0.2641073,0.013156716,0.008721476,-0.06974742,0.041156664,0.08965068,-0.6642008,0.18734041,-0.29395705,-0.04531802,-0.06702237,0.0028166217,0.04202671,0.026938636,0.02851504,-0.27985567,-0.19865878,0.3410927,0.13403909,-0.059354044,0.1696961,0.09567322,0.18334533,-0.13621196,0.3378921,-0.058372132,0.09056619,0.24950257,0.7666179,-0.09281002,0.70247346,-0.995124,0.48969042,0.52469814,-0.3112531,0.0046604387,-0.05791297,0.087280385,0.12849024,-0.076051354,0.029174894,0.09390008,-0.3130821,0.13946179,0.10362849,0.06613392,-0.10028773,-0.090186596,0.049520478,0.048326887,-0.09651237,-0.17012595,-0.34892797,0.2048583,0.06069649,-0.20651722,0.36674803,0.12543295,0.029362649,0.02179768,-0.038643464,-0.04430282,0.07673922,0.07871315,-0.16972974,-0.008943021,-0.069505714,0.09796648,-0.05123751,-0.26226774,0.065324195,-0.4707718,-0.09996368,0.14211836,-0.17359625,-0.09122062,0.2590803,-0.24462539,0.36878982,0.42413074,0.0013308711,-0.074380815,0.020669036,-0.4461632,-0.442413,-0.29005396,-0.20886958,0.093363985,-0.033558056,0.045208566,-0.061860047,-0.0729742,0.95739263,0.18297409,0.08464574,-0.010795116,0.19498788,-0.0829115,-0.021735061,-0.185154,-0.08219382,0.12827724,0.28496557,-0.08104884,0.04088873,0.16396551,-0.34938607,-0.18346983,0.02000384,0.016265176,-0.060327247,-0.37326008,-0.15795755,-0.12311552,0.34262505,0.18935749,-0.09221779,0.10255769,-0.17611323,0.5264414,0.1246959,0.13113946,0.82781416,-0.08607654,-0.045104552,0.08041228,-0.19211343,0.14630765,-0.023219977,-0.03618145,0.033174843,-0.030693185,0.0054818764,0.014533546,-0.06503391,-0.024032582,0.05582936,-0.8982485,0.40081024,0.039823856,0.080124244,0.16137996,0.10758333,0.64109516,0.24336919,0.012490161,0.43166682,0.002614401,0.08764306,-0.01527584,-0.14407924,-0.099449225,-0.037779838,0.0440912,0.48070058,0.16118607,0.001446479,-0.20304406,-0.36600822,0.1778112,-0.32774788,0.021438956,0.13129799,0.075931214,-0.077437684,-0.24469703,-0.94978935,-0.20613794,0.012743723,-0.06398083,-0.3122049,-0.22622532,0.021370806,0.0013329536,-0.069884226,-0.0076149832,0.16822636,0.047905497,-0.17582646,-0.2032142,-0.26152903,2.776406,0.00253997,-0.1719296,-0.1058751,0.11639142,-0.2160222,0.3571186,-0.5458556,-0.04851599,0.057072565,-0.10451257,0.18447831,0.1778009,-0.024161462,0.13575692,0.19415292,0.18269269,0.13828598,-0.09828149,0.03596228,-0.2114387,0.49370822,0.099604994,0.059768736,0.08649632,-0.5029076,0.083635,0.40912125,-0.18028879,-0.528122,-0.30703706,0.07661499,0.05131775,-0.072678186,0.1500735,0.02562197,-0.032299995,0.061869446,-0.53598714,0.19850974,-0.0977206,0.015949272,-0.17191875,-0.16145436,-0.08656061,0.4920065,-0.070162885,-0.13245666,0.26406515,0.033566512,0.20740916,0.07336347,-0.078409284,0.1129394,-0.050162703,0.13399751,0.42003644,-0.39919722,-0.23831308,0.10280135,-0.15647286,0.14206533,0.24269664,-0.03270197,-0.06881203,-0.06540555,0.15053344,-0.01099113,-0.049786493,-0.045437872,0.2574525,-0.010190994,0.1039494,0.44093743,-0.4426177,0.11780263,-0.08000874,-0.031986296,-0.0006383783,-0.0225882,-0.087455004,-0.36440128,1.6730436,-0.20760083,-0.5210138,-0.19972654,-0.8260604,-1.1702441,-0.23641692,-0.023223856,-0.439561,-1.1680242,-0.44549114,-0.19840889,-0.055337682,-0.039942607,0.4529179,-0.39543426,-0.33468324,0.015386928,-0.5972513,0.0847968,0.06373188,-0.8294481,-0.1583053,1.2300051,0.08666332,-0.056856435,-0.011190474,-0.050545026,0.20402464,0.14532885,-0.14698483,-0.026466995,0.24142066,-0.43276635,-0.016000956,0.09901475,-0.09262019,-0.05287958,0.13884911,0.098100066,0.11825384,0.13932964,-0.001108028,0.0648428,-0.09783864,-0.045488384,-0.11861368,0.251688,-0.35491818,-0.08353242,0.17901944,0.018626181,-0.24218413,0.10476914,-0.14436474,-0.08235887,-0.16749132,-0.039011337,-0.07560379,0.010086207,0.09246126,-0.000732134,0.02651758,0.06855908,0.4253459,-0.49812996,0.014578693,0.04965353,-0.06348774,-0.019242298,-0.15155368,-0.0893619,0.3167777,0.07049967,0.20684083,-0.3236908,-0.23481338,-2.393257,8.149646e-05,0.13222305,-0.39039975,0.012124009,-0.0538961,0.0221387,0.10192181,0.06396012,0.1380086,0.11950611,0.031025747,0.333678,0.2614411,0.14705804,-0.32530263,0.08996853,0.15747906,-0.19770472,-0.18811986,0.35784814,-0.07076114,-0.56127334,-0.09631151,0.02234013,0.35785127,0.077839985,1.2070808,-0.103299186,0.0020810852,0.10157308,0.10187442,-0.31473815,-0.0701197,-0.19260883,0.05133513,0.14931294,0.17440113,-0.19450028,0.020117551,-0.0050284863,0.3331555,-0.12607343,0.2597856,0.013449123,0.16820353,-0.16416587,0.102001905,0.0036891736,-0.03516323,-0.10388233,-0.19636825,0.07280758,-0.052499536,0.106835894,2.1142137,0.065025605,-0.20404407,-0.006870795,-0.024409613,-0.117143065,0.19823694,-0.5697191,0.5421574,-0.0817361,0.027984554,-0.20515403,0.13011098,-0.10794854,0.007814722,-0.038718205,0.16833465,0.04331149,-0.1711322,0.09820095,0.72810256,-0.0937075,-0.030644104,-0.052925218,-1.0614277,0.075218976,-0.17713037,-0.1036057,-0.10229945,0.6553807,-0.12091769,0.010916255,-0.060859926,1.0058115,-0.26122284,1.8193676,-0.05475322,-0.005810071,-0.1564534,-0.050035246,0.019521154,-0.2663359,-0.0004141144,-0.25670654,0.09287586,0.04627759,-0.18715519,0.29445362,0.09017086,0.18002518,-0.40383008,-0.0992371,-0.096599884,-0.039280046,0.15911575,0.99175924,0.026704004,0.5429158,-0.098390505,0.13262406,0.024700828,0.35463345,0.004455151,-0.056948315,0.20664412,0.34131426,0.10450683,0.17266482,-0.12361365,-0.8476341,4.5085937e-05,0.074120656,-0.37165022,-0.3552179,0.38398638,0.35785267,0.35580018,-0.05996707,0.11086184,0.15641911,-0.14271167,-0.10606027,0.21555528,0.023159891,-0.12222659,0.09567633,0.14768293,0.24475509,0.08915474,0.03622218,0.27124235,0.245896,0.1323485,-0.013676237,0.30907404,0.10496393,0.02164315,0.60859,-0.03565553,0.025264347,-0.052776217,0.13056889,0.050665446,0.8701689,-0.013020515,0.03334771,0.10016738,0.6715386,-0.0073526,-0.21129279,0.04574701,0.080657884,0.20182438,0.016501065,0.062791556,-0.21371177,-0.6659212,0.16708526,0.3054764,0.047485985,0.07898495,-0.012103863,-0.13297345,-0.003086336,-0.030698791,-0.12181799,0.027072005,0.056581333,-0.1131435,0.18996404,0.21955575,0.12224594,0.068024114,0.29924843,-0.24866746,-0.28030318,0.060568914,-0.25035238,0.09787612,0.25551477,0.07195214,0.018555336,-0.035356462,-1.3572071,0.24168079,-0.013325572,-0.33845165,0.3857468,0.3790633,0.19049665,1.0487978,-0.111508615,-1.1147131,0.50481343,0.20623875,0.44200203,0.20416752,0.04620354,0.3667514,0.01819322,0.011736382,0.013494463,0.053664543,0.1130431,0.1661916,0.05611276,0.10813886,-0.1289322,0.33893156,0.16069072,0.07578464,0.30342677,-0.18438071,0.013866134,0.052551687,0.15221088,0.06443827,0.62884486,0.6216001,-0.14223386,0.34646404,0.037631765,-0.25505328,-3.2313426,-0.056688517,-0.10999346,-0.15000223,-0.098372295,-0.15788525,-0.10423355,0.1232012,0.13192225,0.22462149,0.19699247,0.061783187,-0.2328081,0.078889884,0.00023121387,0.12963161,0.08653226,-0.04349633,-0.2671952,-0.11846919,0.2436474,-0.21320494,-0.2582998,0.07616289,0.015536405,-0.054246485,0.045025997,0.05162526,0.034930155,-0.44389793,-0.38399166,0.40843257,0.10618314,-0.11940114,-0.103407346,-0.22175436,0.23402594,0.074116014,-0.03346583,-0.058251113,0.23586464,0.11288787,0.14160818,0.08158267,-0.2007166,0.24743497,-0.077736974,0.4467833,-0.041496567,-0.09166907,0.12802237,0.30102032,-0.12096429,-7.2777762,0.009484995,-0.035284363,-0.3198362,0.085049376,-0.104760885,-0.105936736,-0.13019805,-0.4734881,-0.02536223,0.0023429692,-0.22589017,-0.69672745,0.23852709,0.004341958,0.31875357,-0.04014364,0.28298125,-0.11657663,-0.047855362,0.16940309,0.4277355,0.06688363,0.33091182,-0.11980447,0.28047624,0.09167119,0.06268734,-0.13295348,0.38693643,-0.1421665,-0.4855959,0.02480365,0.050620712,0.3193762,0.13676454,0.09823431,0.09037626,-0.010919725,-0.26061177,0.064527154,-0.011574544,0.20062125,0.21857187,0.019491881,-0.10520551,0.118652634,0.25140962,-0.06472802,-0.11109389,0.029319327,-0.41067424,0.26033157,0.109419055,-0.19809031,0.6390897,0.036597442,0.3459149,0.03866195,0.1751771,0.008524837,0.25711855,0.016649554,-0.035969578,-2.0193005,0.17704192,-0.04395854,0.024054265,0.1144094,0.10097338,0.001311658,0.15435834,0.015967198,-0.261773,-0.011664869,-0.7320535,-0.31251037,-0.054800272,-0.24445781,0.017964147,-0.02785709,0.21633771,0.76092243,-0.13534941,-0.022436216,-0.10891446,-0.17084579,-0.003945224,-0.022300486,0.06788118,0.009606557,-0.47219214,0.049532745,-0.09152144,-0.21029495,-0.32314724,0.036452737,0.036293626,-0.40079278,-0.660985,0.02522151,-0.033808187,0.10536755,-0.30331525,-0.03543374,0.44372776,-0.27373564,-0.19852504,0.086203285,0.31154224,-0.0239783,-0.09945668,-0.25329497,-0.0950409,-0.3586452,-0.43907726,0.06313684,-0.13424577,-0.009919016,0.36178526,0.12477307,0.013733061,0.19110392,-0.09598179,0.28657326,-0.06412366,-0.19638053,-0.23828077,-0.060814768,-0.09542419,0.08376602,0.03358847,-0.039199516,0.03238912,0.058305144,0.079970926,0.15468672,0.018449586,-0.07384885,0.10209544,0.6315859,-0.071524255,-0.13513713,-0.073796496,-0.009042162,0.3218832,0.048114188,0.019436076,1.4356033,0.19389996,-0.038902856,0.10542438,0.14622962,-0.082669884,0.3109494,0.020358954,2.8463051,0.26634774,0.0014788806,1.1726198,-0.03580412,1
0.017454755,-0.018378036,0.14721304,0.15507907,0.14253318,0.37051764,0.8076702,0.10641692,0.08189414,1.4174404,-0.0040707886,-0.14581874,-0.24364069,-0.010396443,-0.18946062,0.02398958,0.27832246,0.008857973,0.1263834,0.07779935,-0.12405938,0.027048035,0.2252951,-0.30100572,0.13857871,-0.14156358,0.3843556,-0.021566043,0.31458196,0.017811947,0.17453596,-0.0743932,-0.14272921,-0.014886402,-0.17613943,-0.102375716,0.15932904,-0.089729205,-0.08697803,-0.10045174,-0.120752886,0.44502857,0.16504012,0.22607602,0.11870688,-0.16414317,0.0024230704,-0.30532065,0.092857316,-0.45936197,-0.08353027,-0.23770943,0.21785942,-0.08019683,0.037088968,-0.026595086,-0.11250862,0.1418337,0.084533915,-0.144039,-0.06421511,-0.13435772,-0.20393424,0.2770995,0.20462984,0.059872724,-0.018359013,-0.3172845,-0.08926435,-0.042078007,-0.07799161,0.01667476,-0.2833158,-0.052209675,-0.05331325,-0.052968584,0.06049207,0.10474544,0.030379407,-0.12040368,2.1114461,-0.15961696,0.06003429,0.22946818,1.9289196,0.2847444,0.018898323,0.012170881,0.010000576,-0.31200543,0.049088523,0.06604858,0.00760746,-0.046251737,0.09504792,0.12244072,0.11780699,-0.11118457,-0.57592356,-0.16800308,-0.047989294,0.01247004,0.085431375,-0.14894655,0.11438144,0.2326057,-0.19976732,0.010998223,-0.10336953,-0.105048746,-4.495655,0.016587928,0.06711514,0.096705094,0.22910318,0.064787365,-0.023663215,-0.072313555,0.15471263,-0.019032225,0.023681184,0.14462541,0.032924164,0.08547362,-0.21102005,0.10740642,-0.033495914,-0.10017936,0.16243844,0.38705623,-0.16738085,0.0056429505,-0.10027664,0.030516788,0.16861135,-0.17054549,-0.068295375,0.46282956,-0.12197431,-0.10550741,0.0018204214,0.08237045,-0.06286319,-0.054557256,0.4564547,-0.04769671,0.1464819,0.21977852,-0.04484944,-0.06706434,-0.39881322,0.019407546,0.070714384,-0.04143913,0.3118529,0.085786045,0.0987822,0.0563047,-0.028883755,0.2639614,0.037504874,0.2545752,0.024616405,-0.08390912,-0.03261058,0.21433793,0.11748688,-0.053415753,0.28503752,-0.047732353,0.05668503,0.17878146,0.09598835,0.08758354,-0.26674443,0.0036055464,-0.68374914,0.0042352714,-0.20479557,0.24799547,0.6135888,-0.070862114,-0.114602745,0.47564363,-0.3521126,0.7651657,-0.087430686,0.1353501,-0.046482604,-0.18185405,0.011604212,0.0150612295,-0.015323017,0.05319543,0.20945534,0.088867664,-0.116981804,0.06025842,0.15082908,0.25662753,0.011337662,-0.81487024,-0.04389503,-0.08895415,0.18598244,0.0032053841,0.008844196,-0.065583676,0.036712408,-0.2092632,-0.025232367,0.07171471,0.10825384,-0.18540296,0.14909187,0.02075689,0.10317537,-0.040013846,0.0008541958,-0.05586925,0.098152086,0.40222782,0.104147464,-0.0003472343,-0.10318685,-0.015383555,0.35708386,0.101040125,0.48598346,0.22780085,-0.03857995,0.1023455,-0.04192801,-0.046063874,0.0037543513,-0.13232176,0.049487814,0.0814175,-0.18413088,0.080543615,-0.24825405,0.036328472,-0.0143641755,0.0022434462,0.024210958,-0.067230195,0.04304871,0.058208093,-0.23554467,0.31262785,0.17378667,-0.062218726,0.058094434,0.039569285,0.11540885,-0.018574066,0.3247995,-0.99565876,0.099070534,0.3028916,1.3590869,-0.10089333,0.201441,-0.6239657,0.33236048,0.21714252,-0.103375226,-0.14408578,0.22892621,0.025738873,0.2713077,0.11100648,-0.01021708,0.007663559,-0.28306016,0.40524355,0.08958377,0.03725642,-0.06499468,-0.034927525,0.13731071,0.042064823,0.11192233,-0.22668916,-0.29565096,0.06797287,0.0068377927,-0.14050487,0.44090718,0.09141899,0.032397375,0.02909997,0.012147982,-0.07265803,0.18758424,0.073681206,-0.105203316,-0.0396951,-0.2914518,-0.007953831,-0.079276726,-0.24391708,0.013855964,-0.34440252,-0.047694147,0.15761696,-0.026601665,-0.09178226,0.16908565,-0.17685555,0.2645453,0.8313726,-0.12544042,-0.1188869,0.07315745,-0.42891663,-0.18962891,-0.20403485,-0.096876115,-0.19394001,-0.08566505,0.14677957,-0.053846635,-0.030351952,0.8379941,0.30741653,0.18362427,0.076147355,0.020777509,-0.080606386,0.019314602,0.084051356,-0.08600792,0.15820321,0.18851331,-0.5678083,0.06459741,0.22728992,-0.17185014,-0.10532014,0.039027244,0.021936554,-0.048236996,-0.27292225,-0.12327941,-0.1029809,0.39215302,0.26173353,-0.1361986,0.109043136,-0.19649985,0.40405792,-0.087376066,0.28596774,0.6376486,0.07090044,-0.08548541,0.03151405,0.048948176,0.16777414,-0.0490279,-0.08323512,0.0411674,0.5991785,-0.01686737,-0.035616584,0.013360366,-0.04834734,0.033479586,-0.8110542,-0.1043458,0.088810004,0.08707292,0.04467979,0.08021199,0.3460291,0.4040007,0.08217144,0.5244396,0.002553816,0.11406067,-0.04232107,-0.09547205,-0.065319784,-0.078400955,0.14555666,0.3689201,0.2107454,0.0016000831,-0.15769055,-0.3441467,0.073111124,-0.18613113,0.018546462,0.16526605,0.07638687,0.01410627,-0.2720753,-0.6243511,-0.1033501,-0.041335583,0.010536317,-0.1454426,-0.36475784,0.08197662,0.0023023747,-0.26697063,-0.15352973,0.22405115,0.054946616,-0.14630608,-0.20329416,-0.27828315,2.2850757,0.013605431,-0.17877102,-0.14864543,0.1158923,-0.0671774,0.50679594,-0.379445,-0.078874946,-0.0043524727,-0.12788458,0.0687396,-0.18162118,-0.075564705,0.08645117,0.21874902,-0.07565959,0.07212393,-0.11625326,-0.09058038,-0.23224369,0.39099747,0.09352057,-0.17778197,0.0550676,-0.51373065,-0.011426672,0.444912,-0.17546341,-0.49252743,-0.45170808,0.071058646,0.50472695,-0.06255927,-0.06565635,0.04852783,0.2930616,0.07937783,-0.04688652,0.05176384,-0.5705265,-0.02494971,0.0120847225,-0.17462477,-0.04939594,0.3086236,0.010130518,-0.22633553,0.24309608,0.12569487,0.082492225,0.17944235,-0.07172009,0.005141638,0.15556204,-0.20517847,0.3594281,-0.38837928,-0.34565142,0.14783104,-0.062452033,0.050138034,0.19768916,0.10254144,0.02928185,-0.10666803,-0.12781306,0.19849202,-0.17260367,-0.058158047,0.15909152,-0.03534399,0.18772905,0.26840407,-0.44909543,0.079752974,0.14544602,-0.02033892,-0.00060807285,0.16602245,-0.087325975,-0.34435198,1.2333267,0.014660552,-0.118848085,-0.14993814,-1.0435355,-1.1572288,-0.24921241,-0.19661899,-0.30942982,-0.7901554,-0.22647944,-0.123634815,-0.030900776,-0.38384658,0.3262855,-0.41636172,-0.32467455,0.03127264,-0.4150709,0.069936216,0.026410937,-0.35043433,-0.027034575,0.99648345,-0.094530575,-0.06837128,-0.3729983,-0.023850735,-0.49539793,0.1031567,-0.013047711,0.108945236,0.19153976,-0.36656925,-0.010720547,0.018697679,-0.046778373,0.06232387,0.17392167,0.044027325,0.25604746,0.11469611,0.036450297,-0.015666585,-0.1162689,-0.051820885,0.1552431,0.25594664,-0.004322991,-0.19317913,0.08195462,-0.0023169457,-0.3899141,0.03194011,-0.027103942,-0.054072928,-0.19357242,-0.08362758,-0.16995248,0.032656934,-0.058453955,-0.00077233696,0.16883337,-0.034972187,0.27565694,0.4289653,0.05129969,0.048548467,-0.08989431,0.0044868644,0.13177805,0.031254478,0.23485741,0.057858102,0.19130626,-0.3960249,-0.45041192,-2.0562425,8.217152e-05,-0.021902502,-0.28487256,-0.14447738,0.04057783,-0.14457041,-0.040521324,-0.07356155,-0.06855057,0.13273454,0.16834962,-0.6870673,0.048466347,0.061533492,-0.12353025,0.11744529,0.20745227,-0.21812461,-0.29704562,0.17579688,-0.08706327,-0.35010794,0.01460807,-0.015952535,0.5209851,0.059471786,0.79240394,-0.06051554,0.0022547916,0.08685961,0.15434486,0.061270125,-0.05337608,-0.11010621,0.013507248,0.2143526,0.14365482,-0.09586697,0.20059228,-0.14561224,0.07910451,-0.031742677,0.23377779,0.035579927,0.0022221953,-0.09257977,-0.025151338,0.05593759,0.012583606,-0.028562147,-0.13033444,-0.02266591,-0.106346585,0.06552871,1.2172614,-0.0014300309,-0.1274594,0.0077429377,0.0117121115,-0.12181481,0.12607148,-0.31465012,0.8898318,-0.01916868,0.05646316,-0.32982922,0.180312,0.094484076,0.041799713,-0.0018662605,0.13474414,0.016908616,-0.042383213,0.07624701,0.28664002,-0.07421823,-0.04198866,-0.18415838,-0.8508588,-0.102667324,-0.2503277,-0.18510255,-0.009055924,0.48433128,-0.11868525,-0.1462162,-0.18329704,1.3292712,-0.3776229,1.304554,-0.010939933,0.05336457,-0.26809,-0.062358912,0.0006466468,-0.12840457,-0.0004364017,-0.40189663,0.0083001405,0.01439159,-0.12397367,0.24401703,0.11700305,0.12417997,-0.19424391,-0.06564328,-0.14775702,-0.08220468,0.33209074,0.9534565,0.023383847,0.2697654,-0.10548857,0.109626114,-0.04409407,0.07041368,0.014003461,-0.049465284,0.20695513,0.22432032,0.16723134,0.09031092,-0.14698574,-0.9149209,5.2251165e-05,0.19661897,-0.14956991,-0.61328006,0.4619916,0.28321943,0.40078443,-0.04900834,0.18780485,0.031220898,-0.13789263,-0.10472064,0.07283123,0.19677037,-0.1799438,0.22027756,0.124968514,0.37997007,0.05542104,0.0187089,0.20126694,0.023657836,0.16522546,-0.071379915,0.3547716,0.019147739,-0.03456471,0.5227438,-0.05468273,0.0072975038,0.05326862,0.07884532,-0.10470402,0.51070666,0.18239018,0.07333735,0.0820788,0.051485717,-0.027199175,-0.017400634,0.05721827,0.0987041,0.03129834,0.008369591,0.17847872,-0.2318292,-0.29335797,0.22234048,0.1737972,0.06638906,0.05840231,0.08226945,-0.03304141,-0.049831145,-0.025462791,-0.075447686,0.06997071,0.13151388,-0.15409385,0.10178573,0.22171889,0.3114021,0.32783687,0.2762257,-0.347528,-0.26134342,0.16372564,-0.21949096,0.15025908,-0.101827964,0.032043032,0.025597095,0.012438476,-0.2395773,-0.008025095,0.035050094,-0.34275723,0.26497352,0.20733745,0.15302983,0.8961692,-0.07803492,-1.1697848,0.5515834,0.41621327,0.28478736,0.17542797,0.18843554,0.2795594,0.18729307,0.21761158,-0.077467024,0.05579879,0.18351345,0.143884,0.093263924,0.17151383,-0.03298457,0.17163776,-0.07461109,-0.00988515,0.2808823,0.13000493,-0.03075613,0.14128317,0.051563535,0.046874017,0.32939583,0.67670035,-0.0725113,0.47964284,0.038588896,-0.11692831,-2.084086,-0.037188597,1.004985,-0.08401701,-0.12787014,-0.039750427,-0.05940964,0.067355864,0.105886556,0.29387927,0.15768036,-0.021802027,-0.14023744,-0.025702797,-0.024533309,0.1750858,0.027745709,0.019894514,-0.1968137,-0.0011080634,0.21854866,-0.1955519,-0.11630498,0.052560367,0.010988198,-0.07370877,0.098672956,0.03349481,-0.017888099,-0.35055295,-0.3545231,0.3587062,0.067855336,-0.059138495,-0.082141034,-0.005418606,0.15051238,0.0335526,-0.10385913,-0.20111132,0.20988508,0.031104304,0.19493958,-0.095221445,-0.052798755,0.12853229,0.02084352,0.44154853,-0.110287495,-0.044890113,-0.07607539,0.2718514,-0.063797206,-7.5836377,0.04366163,-0.048747838,-0.229002,-0.019384079,-0.074058354,-0.11087305,-0.022113983,-0.9747711,-0.026608795,0.03413096,-0.14818628,-0.31179428,0.2108496,0.047840532,0.20503965,0.053406432,0.19760723,-0.13633858,-0.02281183,0.19211066,0.36195722,0.08666999,0.34688908,0.24517906,0.16999634,0.009431504,0.08886735,-0.063798375,0.20307726,-0.182506,-0.45441392,0.17339596,0.0843202,0.2705854,-0.0499205,-0.008649483,0.06307151,0.027344089,-0.22668672,0.17362933,-0.00891915,0.0254701,0.2621038,-0.17844498,-0.015807763,0.2427201,0.09668009,-0.010866772,-0.22529209,0.09949574,-0.27214453,0.17642944,0.0928747,0.22669592,0.7046697,-0.1452972,0.24276839,-0.021551251,0.14160565,0.0322285,0.3007507,0.14520575,-0.050352246,-1.9809347,0.15831244,-0.100157365,0.030117309,0.17836228,0.047392324,0.006608863,0.1173726,-0.097326286,-0.14896405,0.0014452199,-0.63342935,-0.80330706,-0.055023298,-0.33889046,0.0044430085,0.06898396,0.30471608,1.078083,0.11144171,-0.033186294,-0.1995241,-0.15639907,0.035754994,0.02954554,0.07204324,-0.04539842,-0.5666463,0.059842076,-0.108266056,-0.23438361,-0.20881301,0.06758242,0.070874676,-0.07339665,-0.37281725,0.11273071,-0.062645845,0.047779817,-0.19974867,-0.051520098,0.2435728,-0.28160024,-0.1442045,0.08751817,0.22275524,-0.02716297,0.0055963695,-0.23881389,0.063567534,-0.2725117,-0.28750747,0.19765371,-0.1721069,-0.0021356065,0.218543,-0.1626221,0.01045567,0.17216885,-0.30120647,0.36128497,-0.05566797,-0.31713918,-0.18722168,-0.08181292,-0.09551794,0.08946939,0.022937171,-0.15392634,0.05237414,-0.16171204,0.20325464,0.07386042,-0.009418573,-0.07672047,0.124530524,0.5018288,-0.12573071,0.17991462,-0.07252541,0.0065850727,0.20040208,0.048021145,-0.07533026,0.9842806,0.15793313,-0.025235116,0.02239413,0.1918326,-0.049806163,-0.23153245,0.051769536,2.0732546,0.27648956,-0.038332403,1.0745449,0.0074983165,1
-0.015257191,0.021003585,0.15742551,0.17970628,0.1999209,0.34875348,0.70349884,0.08826801,0.05361692,1.9675338,-0.05230085,-0.09163244,-0.39359707,0.0706376,-0.12605785,-0.04736706,0.14576823,-0.06447979,-0.032676056,0.040081564,-0.214533,0.044424523,0.25220856,-0.37475848,0.11107648,-0.14867277,0.34106538,0.07112026,0.37939256,-0.00953383,0.35937226,-0.008528113,-0.11758844,0.029989041,-0.36603975,-0.07467991,0.099318996,-0.1018751,-0.06646055,-0.13258655,-0.16917732,0.5217498,0.18921474,0.22404137,0.067685366,-0.1626485,0.05768985,-0.18883617,0.059073895,-0.5114726,0.021026,-0.22882995,0.141771,-0.059947688,0.29757658,-0.117064975,-0.073574215,0.30125973,0.0067845164,-0.12465769,-0.13566783,-0.14752191,-0.13232768,0.32369488,0.28301805,0.15467091,0.053053506,-0.3681756,-0.22244081,-0.04287909,-0.06450205,0.004532285,-0.333048,-0.052951552,-0.1686076,-0.022095852,0.09488963,-0.037179425,0.08357648,-0.054081008,2.009524,-0.20353816,0.07749923,0.20305575,2.311077,0.26412943,-0.09657091,0.08788237,0.06963267,-0.22253036,0.023101106,-0.08645716,-0.018118039,-0.038673807,-0.0043231826,0.09197672,0.16590405,-0.11972031,-0.63842654,-0.115338355,-0.036665253,0.010280977,0.052496456,-0.15962318,0.2031201,0.23695433,-0.14052539,-0.18969528,-0.010942558,-0.11962545,-5.1490464,-0.00014819205,0.17559439,0.07820287,0.2853459,0.11100228,0.038421877,-0.15253243,0.18363702,-0.26761997,0.115251034,0.14133953,0.010810547,0.03710582,-0.22387446,0.036917638,0.070217,-0.058879264,0.17841837,0.19636515,-0.0734599,-0.06570783,-0.06565655,-0.3100016,0.19074164,-0.19023165,-0.022677068,0.373963,-0.10953351,-0.047712617,0.005702493,0.12434711,-0.05741711,-0.099951535,0.36440247,-0.026355535,0.14625694,0.1649423,0.004488997,-0.06446973,-0.6901658,-0.021915182,0.055164278,-0.025833316,0.32554436,0.106323615,0.09884757,0.03461077,0.050229035,0.24221979,0.005888098,0.28332725,0.14477794,0.0141921565,0.0016344339,0.19209972,0.089345425,0.023433581,0.3288421,-0.07370339,-0.023028959,0.22450778,0.046644934,0.109751664,-0.35929978,-0.058233276,-0.6207446,0.028404608,-0.26464114,0.2890374,0.31582046,-0.2452878,-0.11887886,0.5405748,-0.42731053,0.5839559,-0.06408846,0.1708819,-0.05451451,-0.09731242,0.0017158277,-0.037292585,0.022047687,0.045072906,0.17782769,0.15673195,-0.10728489,0.08623887,0.07690112,0.24928759,0.036638666,-1.0202907,-0.029924951,-0.076946944,0.16457945,-0.09441266,-0.050956666,-0.01573576,0.056587532,-0.17795515,0.04085855,0.12946324,0.09870225,-0.15639882,0.1822966,0.00094837695,0.09887064,-0.046120152,0.000933671,-0.028900063,0.28277704,0.40993333,0.020875657,-0.0042459257,-0.15401444,0.007313639,0.20977509,0.14625964,0.29194376,0.26900965,-0.41384056,0.04764527,-0.30208713,-0.017530467,-0.031406313,-0.15438718,0.13974598,0.038730253,-0.2565016,0.14135769,-0.38601053,0.013080611,-0.06599088,0.0021576998,0.020483866,0.044909514,0.049828187,0.047760934,-0.34407955,0.28083974,0.20489344,-0.09586659,-0.3464823,0.10574211,0.079058796,-0.17647469,0.24831608,-1.0259287,0.02951641,0.34004927,1.6014476,-0.19750702,0.13340116,-0.68122834,0.6205601,0.4650213,-0.0314001,-0.06861983,0.08881871,0.052572984,0.223077,0.11587408,0.038048018,-0.017860651,-0.13284513,0.58359414,0.091905035,-0.027201079,-0.10227105,0.013123276,0.10058005,0.07155897,0.013795815,-0.076365486,-0.39327136,0.06909099,-0.01924409,-0.21773264,0.3463087,0.12916109,0.032029808,0.03451423,0.02077013,0.0078178495,0.1793102,0.07420802,-0.09391778,-0.045747742,-0.20389135,0.09696667,0.011476859,-0.19162408,0.15198565,-0.2163746,-0.027115762,0.16247657,-0.03522159,-0.043156624,0.13102971,-0.21273759,0.19409598,0.62674737,-0.114725545,0.08634967,0.073186085,-0.3875968,-0.383265,-0.22801085,-0.07614204,0.0455675,-0.09248793,0.09470107,-0.058132708,-0.038565878,0.53389096,0.37501594,0.11950763,-0.051651783,0.13954781,-0.2095162,-0.085553184,-0.00069473684,-0.098313056,0.22293752,0.3539852,-0.6055819,0.102018274,0.084196955,-0.38095132,-0.1875675,0.092988215,0.03368045,-0.023183502,-0.31840962,-0.111757725,-0.14344028,0.3479948,0.22294176,-0.120266855,-0.1318425,-0.19758876,0.34854153,0.008196339,0.20529225,0.4297617,0.06930131,-0.07338581,-0.011729181,-0.030974932,0.15918154,-0.0085098315,-0.07109,0.11177452,0.9393474,0.0050703175,0.02336575,0.015443932,-0.009028923,0.094661,-0.80570054,0.23096906,0.03483304,-0.104531035,0.13398996,0.089555785,0.37062168,0.2909635,0.07458592,0.6860611,0.0024916676,0.058203727,0.005767309,-0.14562231,-0.15409864,-0.15434399,0.13390039,0.41154352,0.15753207,0.0016211632,-0.19463159,-0.28319922,0.109818995,-0.21347834,-0.036645457,0.15835832,0.14018765,-0.045818496,-0.31111825,-0.469655,-0.11405359,0.026986444,-0.025243334,-0.3135296,-0.30728918,0.2792693,-0.008349191,-0.39427868,-0.23373051,0.20533198,-0.0033170134,-0.1800109,-0.22361808,-0.16723302,2.6143677,0.015628226,-0.26373923,-0.23391098,0.14192395,-0.095618136,0.68928164,-0.2645133,-0.05609587,0.0025369376,-0.13228616,-0.02737759,-0.08785166,-0.099833764,0.15455014,0.19934133,-0.104315504,0.09086418,-0.073210575,-0.0440626,-0.20765515,0.3936588,0.12335613,0.034138054,0.045842815,-0.59257376,-0.023392178,0.4949676,-0.14735454,-0.40473852,-0.3386939,0.068239786,0.31160396,-0.019662239,-0.04430285,-0.022266813,0.32354796,0.023740884,-0.18706724,0.056594525,-0.62672794,0.09247661,0.114342645,-0.2295577,-0.06895879,0.2598025,0.07604002,-0.32521752,0.24206467,0.14531833,0.10913689,0.15085569,-0.11444823,-0.023439154,0.070766464,-0.15762967,0.35435146,-0.4049837,-0.22281076,0.28749198,-0.1502068,0.1034172,0.28393295,0.2547737,-0.06513481,-0.13982493,-0.098483376,0.058784664,-0.17824112,-0.08004209,0.10660953,-0.088266514,0.10832493,0.3413454,-0.4716715,0.10911286,0.107500605,-0.013234851,-0.0005834462,0.081384495,-0.1021879,-0.33211148,1.4821751,-0.06035184,-0.15159306,-0.15056123,-0.7464728,-1.4173629,-0.30029264,-0.16832098,-0.3173831,-0.90595627,-0.1395727,-0.17055915,-0.018537506,-0.4389105,0.19492935,-0.3971253,-0.17424484,0.07812951,-0.45495293,0.016224839,0.016914427,-0.3239643,-0.04814946,0.99634093,-0.057549417,0.003911346,-0.31646386,-0.00026552193,-0.3006667,0.14169173,-0.100888655,-0.018797465,0.13749406,-0.3338757,-0.010830376,0.025713377,-0.020124968,-0.044901256,0.16844423,0.08996093,0.25473747,0.10904564,0.026717572,-0.0020669997,-0.08354407,-0.035231844,0.018691486,0.30836558,-0.00079238415,-0.12412394,0.09046147,0.0143030025,-0.3891987,-0.014537387,0.041547786,-0.0386243,-0.16118039,-0.10221269,-0.14968592,0.015430525,-0.05625692,-0.0008326247,0.15329464,-0.030968003,0.18175542,-0.0030809194,0.015077744,0.04188075,-0.046451908,0.00030983146,0.054373447,0.021774044,0.3449913,0.055430952,0.1840615,-0.458858,-0.40833488,-2.7967658,7.52457e-05,0.25258684,-0.37811726,-0.08491178,0.01551345,-0.12803465,-0.005922839,-0.017530791,0.048515663,0.10294744,0.23903185,-0.84192735,0.13480279,0.14798129,-0.190656,0.044368766,-0.03340254,-0.21573411,-0.24798663,0.24645214,-0.063141346,-0.3754226,0.015529484,0.076771796,0.5998266,0.093448415,0.6682951,-0.06769985,0.0023912597,0.13268353,0.09041677,-0.17439792,-0.025946194,-0.15438524,-0.021374177,0.14888522,0.24386102,-0.11783486,0.16108651,0.06462002,0.07985893,-0.053237677,0.2576259,-0.050030306,0.131649,-0.15963411,0.12971647,0.04382146,-0.036833473,-0.1369287,-0.11706893,-0.05600694,-0.16814262,0.1027645,1.2702594,-0.06517072,-0.16151218,-0.0012595244,-0.026353152,-0.1310919,0.23810762,-0.17600103,0.78180873,-0.047269315,0.08867398,-0.32842147,0.1497685,0.2395377,0.063753575,-0.015161222,0.13823447,-0.07779646,-0.20555682,0.20606342,0.32024142,-0.114531554,-0.10484799,-0.025206842,-0.84444654,-0.16720954,-0.1038812,-0.11960095,0.032758117,0.5937691,0.0073537417,-0.08798051,-0.1745304,1.2849706,-0.40594676,1.684504,-0.09912557,-0.002377484,-0.63447595,-0.02945987,-0.022309443,-0.1303552,-0.0004248224,-0.43797168,0.009203587,0.035883024,-0.116518036,0.18690728,0.107128315,0.1403193,-0.18804696,-0.06502651,-0.1254847,-0.080161594,0.4156319,1.2517916,-0.08634739,0.49816558,-0.106299296,0.1120289,-0.14535469,0.21144173,-0.034101907,-0.15868741,0.299593,0.17236583,0.14697792,0.15527862,-0.18691604,-0.8849702,4.7270867e-05,0.2301034,-0.19935827,-0.4464936,0.15082085,0.3010746,0.44645777,-0.0708025,0.22042029,0.05974023,-0.1382387,-0.0041194707,0.07187213,0.18565235,-0.23379584,0.09699075,0.109540924,0.4405855,-0.09672474,0.025351077,0.31815997,0.074444845,0.101692915,-0.088670775,0.31441373,0.110246874,-0.028783731,0.57154405,-0.0018017292,0.047930762,0.07215442,0.094380535,-0.19097601,0.60684776,0.16226941,-0.01228405,0.0329115,-0.24484761,0.021802597,0.006757684,0.10970859,0.12607165,0.12558737,-0.015464306,0.1997109,-0.12146159,-0.51035786,0.2785222,0.23231897,0.04527053,0.047456235,0.14525095,-0.058128238,0.025770532,-0.076756164,-0.13475946,0.0033639595,0.045148954,-0.2013013,0.13405883,0.30278248,0.43771103,0.6674388,0.19744287,-0.3724684,-0.24780452,0.09424153,-0.2189095,0.189605,-0.15928987,0.002840981,-0.015463091,-0.004384756,-0.3706163,0.24740553,0.007794082,-0.4501427,0.62237877,0.2616938,0.03187936,1.0756385,-0.02834528,-0.9252179,0.21703082,0.31693998,0.82678014,0.21171401,0.16298008,0.3910644,0.20181617,0.2294093,-0.10445172,-0.009708939,0.124481544,0.13642548,0.029405378,0.14932984,0.014513822,0.18248652,-0.14492506,-0.03540419,0.30597025,0.12814882,0.024572164,0.12566373,0.08761785,0.024170466,0.4456516,0.7933123,-0.10389122,0.4775799,0.038636446,0.0017473996,-3.150614,-0.0055053644,1.661128,-0.034917153,-0.033329558,-0.06553233,-0.053108122,0.17071919,0.15585262,0.18833119,0.14584969,-0.003741756,-0.042378962,-0.047289237,0.007514242,0.20319761,0.014275402,-0.022382788,-0.046706237,-0.020723114,0.38665715,-0.22548081,-0.16567107,0.21249491,-0.023474455,-0.05817628,0.033979487,-0.055866268,-0.031037696,-0.36259893,-0.4866277,0.31597203,-0.0047366433,-0.07119857,-0.1094776,-0.105743445,0.2049149,0.016223723,-0.0758091,-0.091390714,0.24219888,0.013162494,0.13497493,-0.000811141,-0.10125823,0.4324903,-0.03128624,0.5750578,-0.063966565,-0.10172723,-0.0698807,0.42611027,-0.03564063,-8.053903,0.031183187,-0.10820007,-0.31668755,0.053629138,-0.15878803,-0.17019029,-0.057110105,-1.1477382,-0.029554307,0.005609017,-0.3184047,-0.17931941,0.16569507,-0.049370624,0.11505472,0.052926607,0.21885215,-0.07193156,0.043797463,0.19300094,0.35569376,0.18999365,0.3936105,0.23852676,0.19891183,0.015081368,0.047451023,-0.1343433,0.29209274,-0.13186231,-0.38986138,0.18929741,0.08380312,0.25967926,0.16005853,0.00316298,0.11797251,0.05864262,-0.26266453,0.17538202,-0.010532115,-0.05912163,0.29278162,-0.06256722,-0.0028058141,0.18743402,0.104799844,-0.04565405,-0.2249344,0.0990587,-0.32918698,0.20973648,0.08047947,0.17735584,0.6140249,-0.092007294,0.3298428,-0.03556492,0.047706377,0.024802882,0.35443088,0.07950541,-0.05813378,-2.0059028,0.2947694,-0.047434416,-0.030030407,0.17524426,0.044559088,0.022059955,0.16919762,-0.11469735,-0.15804493,0.112714015,-0.26351658,-0.7125485,-0.06710982,-0.35238189,-0.009803889,-0.017494747,0.24601439,0.97693586,-0.008693919,-0.050408922,-0.20806447,-0.10958625,-0.018067911,-0.010405853,0.08014764,-0.10690175,-0.45036265,0.024880901,-0.1654499,-0.20959541,-0.2767546,0.14912632,0.020800207,-0.052240163,-0.11604856,0.14456257,-0.09638457,0.10863827,-0.1882103,-0.038346425,0.3542933,-0.30904922,-0.13072848,0.09600127,0.40447676,-0.021451518,0.01259321,-0.26285928,-0.17925605,-0.23826292,-0.29128882,0.20401192,-0.17123255,-5.4795295e-05,0.20671828,-0.26628387,0.0063490905,0.16863929,-0.2682727,0.48263672,-0.17187598,-0.5161295,-0.22515912,-0.04049109,-0.088724345,0.06525963,-0.1841593,-0.15296498,0.12358524,-0.0636502,0.15554222,0.15918984,0.020493314,-0.019009091,0.152022,0.5054233,-0.058667436,0.3314686,-0.1609176,0.011815071,0.15819566,0.007483475,0.0018897057,1.2846515,0.18478522,0.016810099,0.20959112,0.18810764,-0.08041545,-0.39068115,0.0100540295,2.1329272,0.23535885,0.027866445,1.1734464,0.0106800925,1
-0.00015639886,-0.010211119,0.225798,0.2177253,0.45936215,0.14943027,0.39160058,0.08020303,0.023768721,1.6820824,-0.014679085,0.025962371,-0.38287994,0.11351165,-0.039345823,-0.07812075,0.19608366,-0.060004607,0.12663797,0.06978943,-0.13090189,-0.16644758,0.29895067,-0.22665432,0.2201949,-0.19285148,0.31497014,0.047387607,0.31178042,0.013363022,0.091703914,0.12836374,0.030194873,-0.04196852,-0.18816176,-0.014103383,0.08608346,-0.045213535,0.058017652,-0.0542458,0.12440455,0.33828822,0.32820627,-0.019795038,-0.042176433,-0.21074277,-0.017255396,-0.14513373,0.14242315,-0.44727623,-0.15817696,-0.47381967,0.0145541,-0.0290928,0.302485,-0.06572373,0.0695553,-0.042392462,0.04601378,-0.015316151,-0.41652882,-0.14468296,-0.05835467,0.32007405,0.23724157,0.10457088,0.036275942,-0.35399702,0.07797175,-0.05621771,-0.06647632,0.082930565,-0.022622615,-0.05907639,-0.07513236,-0.0047955364,0.15658224,-0.2248964,-0.067958,-0.03427425,2.3972943,-0.2636373,0.018648908,0.04979787,2.4736805,0.1736973,-0.06874879,0.056696095,0.045077994,-0.31712273,0.036806628,-0.037692815,-0.3935609,-0.04822145,-0.0069180317,0.12446374,0.06246011,-0.24084985,-0.657901,-0.07473251,-0.039987355,-0.071595065,0.2454327,-0.28763518,0.27570662,-0.05386275,-0.12307554,-0.1418168,0.025298953,-0.14114997,-4.010419,-0.031800866,0.039745074,-0.014277969,0.23388672,0.12747031,0.008786589,0.0013581216,0.061914057,-0.4166655,0.08623199,0.12815186,-0.010012783,0.061109178,-0.1812099,0.09014295,0.05457461,-0.16208285,0.15090305,0.37560552,-0.14450125,-0.042975813,0.0013433583,-0.09473765,0.18273011,-0.14802934,-0.022481896,0.26390663,-0.17685583,-0.074936524,0.058621176,0.07070496,-0.09809431,0.15188323,0.15252763,-0.047345474,0.03984729,0.121195205,-0.06721387,-0.082783565,-0.32544702,0.084329054,0.010233125,0.07750188,0.12370213,0.079933286,0.12876682,0.20798376,-0.0040347576,0.015156132,0.021887897,0.29816076,0.09344819,0.09206126,0.117344245,0.2606095,0.093299285,0.09274435,0.21366441,-0.08427194,0.037923235,0.16914538,-0.124191396,0.06948867,-0.37619376,-0.07439699,-0.5876382,-0.12404756,-0.35917297,0.24863268,0.2839044,-0.23323752,-0.14773896,0.76501083,-0.31995755,0.3545774,0.004046304,0.21608023,-0.029060785,-0.083848156,0.028036408,0.20927376,0.023512684,0.05276636,0.09548227,0.12975723,-0.084545135,0.07593897,0.04980083,0.25665882,0.0060389675,-1.0411701,-0.076490864,0.009966068,0.05023247,-0.19080995,-0.036360063,0.15977474,0.04352896,-0.118668325,0.05721335,0.107425824,-0.037802458,-0.16192888,0.15707207,0.01136205,0.34404835,-0.035845198,0.00093537156,-0.09604908,0.2582407,0.30626148,0.09387501,-0.06912438,0.007466525,-0.01975526,0.69495267,0.1127819,0.43823165,0.24853696,-0.10260926,0.09847527,-0.26460156,0.0038128607,0.093246676,0.045334198,0.060156226,0.12824135,-0.20909753,0.08881936,-0.05391384,-0.042824525,0.0030141808,0.0021310262,-0.0026376955,0.036149327,-0.019298434,-0.3196664,-0.117761366,0.35124344,0.109105974,-0.07835577,-0.29705998,0.1813797,0.07852009,-0.03098581,0.3292382,-0.58027303,-0.025502972,0.23009904,1.0658684,-0.31463617,0.27439445,-0.77749753,0.36245188,0.56844443,-0.11484349,-0.34792557,-0.099830054,0.12401609,0.2769263,-0.09619188,0.077487744,0.030836463,-0.24467607,0.5037996,0.08613065,0.26320493,-0.13365129,-0.04461763,0.047274277,0.067769766,-0.18653724,-0.18299796,-0.3521539,0.20937708,0.027983136,-0.10901567,0.3642441,0.03913582,0.030562336,0.0465884,0.08529048,-0.14388424,-0.112853564,0.026670374,-0.10783489,0.14771228,-0.015473798,0.033947233,0.0014003217,-0.16324654,0.23681003,-0.42742908,-0.04468079,0.06291813,0.042945445,-0.016782977,0.3047718,-0.15250073,0.29472128,0.46076322,-0.0798884,0.062069092,0.058975883,-0.31582743,-0.47632852,-0.26692614,-0.13026923,-0.024042696,-0.045948446,0.14548346,-0.06092666,-0.03821636,0.53355587,0.35215342,-0.039752156,0.004232861,0.3295474,0.062141214,-0.0053488016,0.111904114,-0.20200087,0.20425749,0.28561988,-0.5753031,0.008864034,0.0067310743,-0.13241653,-0.11308856,0.11882373,0.030428898,-0.1646446,-0.3859263,-0.13580374,-0.11457029,0.22552185,0.21057071,0.0076162294,0.09892781,-0.18316153,0.39203346,0.0855683,0.04999115,0.47751504,-0.02333114,-0.073074,-0.032630697,-0.02654647,0.16485187,0.021239646,-0.085397646,0.070003964,0.7352482,0.06517546,0.05439117,0.06101728,0.0073866034,0.1808025,-0.42925662,0.63743794,0.088490374,-0.047725804,0.04905019,0.1077552,0.35704708,0.103184596,-0.0036114678,0.5766999,0.0027859341,0.009619131,0.028881902,-0.07457174,-0.12325946,0.025439767,-0.08954031,0.35408247,0.08275588,0.0015833703,-0.1224859,-0.13434802,0.049579434,-0.15037467,0.14275607,0.15211028,0.066555575,-0.007142868,-0.38840884,-0.47580463,-0.20996583,-0.062146723,-0.01816615,-0.24166033,-0.24851094,0.1247555,-0.027091466,-0.16166374,-0.062277876,0.1724622,0.09590706,-0.11930902,-0.09031571,-0.2011417,2.4744525,0.02744209,-0.17984623,-0.11951489,0.06505531,-0.16648766,0.4623493,-0.429442,-0.034038026,0.08015726,0.03064834,-0.02738376,0.09810777,-0.053456813,0.10178801,0.24663708,-0.014502682,0.1456602,-0.19863847,-0.006351847,-0.16224879,0.2444003,0.03337308,0.17731038,0.08390543,0.03134501,-0.09292298,0.24107344,-0.23510373,-0.28477624,-0.5666185,0.04086703,0.20127434,-0.021034753,-0.07861395,0.0151419155,0.07804251,0.11323738,-0.3188693,0.121517874,-0.3935471,0.027647803,-0.19244522,-0.049610768,-0.07235112,0.21860307,-0.019218642,-0.18696564,0.2547228,0.1434852,0.19251986,0.060343653,-0.09239645,0.11290416,0.15900707,-0.36653566,0.45934725,-0.4137217,-0.32257485,0.092441246,-0.059442148,0.04846703,0.17084992,0.025973335,-0.06807421,-0.055623244,-0.07787402,-0.05222127,-0.05528094,-0.04811111,0.10326079,0.013494745,-0.07363834,0.29172778,-0.42161018,0.12493238,-0.08338264,0.014257074,-0.0007102773,-0.022669345,-0.12519337,-0.3366677,1.5931776,0.043253534,-0.18333918,-0.17856412,-0.5460678,-1.4668999,-0.21146515,-0.027976543,-0.30855775,-0.86217755,-0.1933156,-0.22587444,0.081798166,-0.06360086,0.25529233,-0.33264786,-0.18616186,0.08000204,-0.43770966,0.102328815,0.09720832,-0.17874976,-0.11851575,0.9297496,0.07930498,-0.050969243,-0.33907416,-0.043093666,-0.011353612,0.018247604,-0.082062654,0.21720293,0.1906121,-0.50298357,-0.0051490963,0.1256647,-0.072928816,0.018943682,0.15929773,0.13183399,0.13717024,0.1090644,0.0634608,0.07371969,-0.05094379,-0.06481506,0.022347616,0.010795124,0.030902535,0.004194364,0.075509645,-0.069773994,-0.28837013,0.0666829,0.120381646,-0.1317308,-0.13234565,0.076795936,-0.0404713,0.022093996,0.058273397,-0.0006012908,0.12663636,0.057476055,0.057136893,-0.3076447,0.037692234,-0.021974377,-0.05179421,0.08239153,0.17657045,-0.031032588,0.24794142,0.06464319,0.25523072,-0.27041185,-0.079839736,-2.584782,9.222493e-05,0.23342554,-0.44690564,0.034007475,0.18047409,-0.09915282,0.09156118,0.19645417,0.065629914,0.111184224,0.11485371,0.23936838,0.13567078,0.11936554,-0.2282813,-0.040015068,0.17296931,-0.073932245,-0.10721184,0.32975793,-0.050331183,-0.29741764,-0.0556058,0.051596686,0.7121857,0.12979117,0.63752323,-0.08847195,0.0024538613,0.0661089,-0.13346934,-0.09170857,-0.14119144,-0.049150616,0.0060810912,0.06403999,0.14077646,-0.19614989,0.13043442,-0.14906144,0.16000438,-0.28356022,0.2528087,0.031863883,0.16125384,-0.2847271,0.087280214,0.0039557144,-0.052809574,-0.07210462,-0.17070368,-0.03055875,0.003310183,0.12493281,1.2737548,0.02293575,-0.08689965,0.029416963,-0.05059448,-0.13067701,0.24786931,-0.46039093,0.52922994,0.05996309,0.035919506,-0.18750785,0.41546667,-0.049350053,0.09058888,0.0011157934,0.10005765,0.02791699,-0.093244106,0.08437326,0.4970923,-0.107245125,-0.0483035,-0.04171195,-0.94032526,-0.22085086,-0.1138603,-0.06283264,-0.037615865,0.07941489,-0.050428897,-0.027972288,-0.04344789,1.0820913,-0.13824214,1.7445896,-0.086671606,-0.043737687,-0.32611048,0.008478258,-0.012198685,-0.11204781,-0.000447175,-0.34955132,0.044416957,0.05240552,-0.223729,0.17786512,0.17789304,-0.046367995,-0.19900258,-0.044298574,-0.13128656,-0.045258958,0.27450708,1.159235,0.020320538,0.7281227,-0.09731357,-0.02398248,-0.12719187,0.13601294,-0.0073221065,0.020360874,0.239881,-0.06907007,0.06170826,0.2006475,-0.18462917,-0.85067123,5.2479274e-05,0.12920561,-0.3080608,-0.27661008,0.2126078,0.38608715,0.33835822,0.11099631,0.23021886,0.106098354,-0.12982754,0.05229062,0.25398037,0.08359975,-0.0038218386,0.061058845,0.10719259,0.27250442,0.085775994,0.041141596,0.3080486,0.06337964,-0.152172,-0.029365063,0.09547248,0.13049392,0.018605525,0.3292054,-0.06270762,0.0022021742,0.04221966,0.1210412,0.06603213,0.5306878,-0.020604365,0.07943116,0.13883992,-0.032722697,-0.00031456328,-0.15752071,0.06744297,0.16534254,0.03863497,0.03646931,0.082318835,-0.03406714,-0.52804065,0.3256779,0.19429535,0.06593618,0.0694274,0.057822056,-0.065865986,-0.00469061,0.13821924,-0.12939215,0.004148163,0.09535296,-0.13498405,0.1912027,0.21504483,0.20835516,0.13273102,0.27850205,-0.1999589,-0.16484497,0.05635409,-0.23843616,0.1501455,-0.098805524,-0.015299847,-0.05427952,-0.04689738,-0.64561564,-0.15745012,-0.03173405,-0.4450169,0.47567117,0.3830394,0.00051262137,0.8972711,-0.32349426,-0.7408848,0.33651933,0.21728727,0.39017072,0.2994649,0.2707251,0.106709704,-0.010162574,0.062047914,-0.0073272306,-0.010628156,0.085451394,0.17041649,0.15354872,0.072515026,-0.085197836,0.1421153,0.02760947,0.03670728,0.11012086,0.091573864,-0.08823846,0.20285955,0.00030090054,0.001483703,0.19776982,0.65026593,-0.19534656,0.2690102,0.04187712,-0.1522643,-2.3763208,-0.001495555,0.2046066,-0.092053756,-0.046577565,-0.11998413,-0.14390999,0.1262877,0.1988972,0.30222654,0.080289595,-0.05804229,-0.2998783,0.060530685,0.0005580783,0.22988555,0.037929155,-0.17602667,-0.2763274,-0.0019108225,0.3112657,-0.3665164,-0.18739708,0.10090524,-0.052311823,-0.0626451,0.010328189,-0.0075656828,-0.035891384,-0.2795459,-0.25040287,0.32013178,0.07810804,-0.027422957,-0.05524277,-0.11133757,0.24720992,0.033285294,-0.017879985,-0.14232107,0.2122992,0.061781764,0.108198166,-0.08632405,-0.09265141,0.21654752,-0.14507918,0.31257683,-0.024934374,-0.0729029,0.102769256,0.25044465,-0.08973997,-7.6482263,-0.031085588,-0.047730822,-0.24434604,0.06274524,-0.2104109,-0.13563237,-0.04466063,-0.61567473,-0.01759819,-0.015439019,-0.13153735,-0.117293775,0.1421979,0.06861696,-0.22527675,0.005512044,0.15791073,-0.07611275,-0.13992006,0.09911808,0.26613167,0.021112397,0.19509605,0.3224732,0.2335611,0.03409855,0.025655303,-0.1774348,0.104148835,-0.11013251,-0.5211484,0.084696725,0.06673089,0.3931837,0.13994831,0.04884524,0.013793152,-0.017154943,-0.24389741,0.06986566,-0.069276765,-0.093078256,0.107516065,0.07237008,-0.12111208,0.09861657,0.2079731,-0.13422304,-0.09479646,0.041147556,-0.37574935,0.21586303,0.055952016,0.059498988,0.59436476,-0.02270893,0.288631,-0.11673248,0.1412255,-0.01620011,0.18073873,0.116814174,-0.03239924,-1.9867883,0.2004347,-0.024218567,0.018614504,0.11585522,0.10647794,-0.0013975874,0.0093764365,-0.09274292,-0.2636264,-0.13299218,-0.6341663,-0.25835896,0.07469588,-0.15572736,0.024873327,0.094362184,0.074151866,0.816692,-0.06990953,0.03189864,-0.21684775,-0.14554885,0.09150257,0.009605244,0.124358274,-0.016162347,-0.49139956,0.22965635,-0.20482427,-0.15776634,-0.12524357,0.09331582,0.10805583,-0.22574013,-0.076099426,0.080665715,-0.068359636,0.05683186,-0.092125945,-0.05116886,0.4534648,-0.119131126,-0.15313716,0.13482988,0.24123931,-0.037737217,0.05878173,-0.13704953,-0.170941,-0.23170786,-0.36214125,0.105961144,-0.10192317,-0.037678473,0.19971953,-0.09617759,0.021259382,0.13921504,-0.13279401,0.37846053,-0.06497377,-0.2471636,-0.19196521,-0.03310643,-0.12186766,0.059376653,0.041217558,-0.072364114,0.050171893,0.051950734,0.09428002,0.09068424,0.06610054,-0.06886857,0.13356565,0.44318718,-0.15735614,-0.17392473,-0.10002651,-0.09812908,0.39993125,0.12187723,0.016713247,0.9908052,0.05615073,-0.0024699494,-0.02017605,0.15446992,-0.075364195,-0.20216608,0.01730458,2.198246,0.28182152,-0.10154767,1.3167908,-0.049452554,1
-0.055776265,0.012955458,0.25914335,0.2382225,0.3433082,0.26026034,0.7579814,0.14886267,-0.028348364,1.8916626,-0.022504706,-0.0015820712,-0.41833535,0.06869073,-0.25624868,-0.10100181,0.026791167,-0.093436286,-0.028623171,0.016753973,-0.21701258,-0.008170754,0.3301847,-0.19810796,0.20333326,-0.2380058,0.36678225,0.21092777,0.34653103,-0.0063594244,0.20455277,0.12953375,-0.04175834,0.028432008,-0.32934198,-0.03583189,0.034935236,-0.070454836,0.008379487,-0.13299774,0.038444784,0.31424525,0.48583132,0.1233776,-0.09061926,-0.23991916,0.036803376,-0.047174424,0.13236359,-0.45813054,0.0018168837,-0.41182876,0.015713,-0.012542703,0.5794368,-0.10667109,0.013959365,0.24163958,-0.09374329,0.055140927,-0.48216188,-0.18941939,-0.054348756,0.27184582,0.32295895,0.22209588,0.15605414,-0.3785329,-0.047616597,-0.06693506,-0.17993627,-0.009452224,-0.033396065,-0.090173714,0.06139238,0.02490155,0.2128568,-0.36932248,-0.0146797355,0.00961636,2.122779,-0.28602505,0.06993911,0.1977049,2.4223776,0.15910456,-0.22204922,0.12228376,0.0759171,-0.21399942,0.02248513,-0.110053256,-0.15173498,-0.042529672,0.0013752356,0.110984996,0.091586806,-0.17795077,-0.7958112,-0.014421454,-0.04501211,-0.08608668,0.18126896,-0.19430485,0.3635259,0.10810506,-0.14902005,-0.32291937,0.046266563,-0.13510667,-4.622324,-0.010632694,0.07021592,0.0113920085,0.3040343,0.23648305,0.13476896,-0.039970357,0.11802579,-0.559426,0.18478023,0.11945954,0.005494032,0.025246058,-0.120074764,-0.039230693,0.091427065,-0.072296746,0.1728465,0.19690187,-0.09724201,-0.09558152,-0.07867956,-0.3001037,0.1464293,-0.16401428,0.025583796,0.19812937,-0.12735349,-0.0067008734,0.036553893,0.102062225,-0.065229595,0.098182544,0.23896614,-0.039002538,-0.023972334,0.15546039,-0.0718916,-0.05749975,-0.5171617,0.07291973,0.015126791,0.124415204,0.2723396,0.23423302,0.10413182,0.15331316,0.18057854,0.11730929,-0.025658537,0.28429183,0.25676644,0.12182191,0.08324288,0.20143305,0.03323702,0.25555605,0.27305543,-0.07181424,-0.021335043,0.10209635,0.03240862,0.11885527,0.0076000392,-0.09827553,-0.5432699,-0.17147064,-0.3284901,0.30276835,-0.19094065,-0.40124214,-0.09215065,0.7451496,-0.39112175,0.32352465,0.05150722,0.17643619,-0.052044224,-0.047464762,-0.033671636,0.08136049,-0.0037043914,-0.05900242,0.09666675,0.20263878,-0.05847381,0.101725265,-0.016049929,0.25808722,0.021090524,-1.1255,-0.08273021,-0.09530158,0.07105076,-0.22429346,-0.053532355,-0.035816252,0.035426162,-0.12176499,0.11858729,0.09262377,-0.0795917,-0.054120556,0.18162635,-0.028720751,0.3205032,-0.05604429,0.0009502041,-0.0880677,0.368183,0.41589466,0.19244024,-0.033858858,-0.188811,-0.05799608,0.2515672,0.11869619,0.20295098,0.18479678,-0.332353,0.06603359,-0.41625357,0.06301359,-0.0015928112,-0.117038265,0.24387266,0.062303502,-0.19336256,0.12969111,-0.17919493,-0.04067973,0.0033640414,0.0020829742,-0.008109562,0.016468104,-0.088989295,-0.19981554,-0.2894942,0.2599685,0.20588739,-0.12664513,-0.32975024,0.21593957,0.10476634,-0.1367418,0.32227418,-1.123295,0.021337092,0.21553892,1.7564087,-0.4163162,0.041607365,-0.72888756,0.44365042,0.81631166,-0.15747565,-0.13980675,-0.1563409,0.100178584,0.21246885,-0.040239215,0.063893095,-0.02943907,-0.19256502,0.61868155,0.14289042,-0.02672761,-0.086781144,-0.034677997,0.09627067,0.09973916,-0.17504087,0.028059725,-0.21678779,0.16933908,-0.031509563,-0.109347165,0.18609941,0.1630413,0.029148418,0.10702472,0.04275853,-0.12108338,-0.008617101,0.032668866,-0.15457751,0.12411552,-0.08646013,0.049967386,0.09627271,-0.10995287,0.19921911,-0.38955647,0.023179106,0.060617186,-0.011690229,-0.06933461,0.13938232,-0.24276331,0.16572224,0.8639023,-0.005853722,0.03135985,0.017710436,-0.29125562,-0.38195813,-0.29270887,-0.025205754,0.27705485,-0.03802231,0.15287164,-0.06914172,-0.037586205,0.39058572,0.39532298,-0.030050531,-0.10503996,0.2918271,-0.11760981,-0.03867037,-0.032916665,-0.15278614,0.1794348,0.36772218,-0.7860867,0.030392038,-0.065735415,-0.3246373,-0.16186933,0.09855658,0.04586927,-0.028593928,-0.4256637,-0.11278938,-0.15149489,0.20940304,0.030008048,-0.16157843,-0.016308052,-0.14277746,0.44196072,0.062380962,0.18382688,0.48901975,0.00068232045,-0.06681137,-0.058302164,-0.12074579,0.10508607,0.021893132,-0.065352924,0.12970082,1.1673584,0.045188744,0.051246405,0.0496033,0.006085473,0.15159729,-0.4413085,1.1961725,0.042800095,-0.09936583,0.1473639,0.09717286,0.36880326,0.019095486,0.027833339,0.60835445,0.0026417093,-0.0013411883,0.01856709,-0.15815109,-0.23658836,-0.079213135,0.0024468303,0.5144428,0.13380142,0.001592841,-0.19556573,-0.2164508,0.12619846,-0.3763982,0.005043246,0.15683176,0.085265785,-0.02023571,-0.34721813,-0.4217449,-0.23243833,-0.017326362,-0.05195146,-0.46740812,-0.28751612,0.3490452,-0.009696502,-0.2722929,-0.12878694,0.10560617,0.028157577,-0.17613627,-0.10140141,-0.24261184,2.598745,0.062294133,-0.21393526,-0.19058923,0.08761561,-0.062826894,0.7303781,-0.23296762,-0.07680863,0.10751112,-0.061303757,-0.06876938,-0.07852183,-0.1765748,0.08840088,0.2340534,-0.21066244,0.15643048,-0.012058049,0.02381414,-0.10328542,0.26693875,0.05991513,0.12501004,0.059831075,0.15241025,-0.059672967,0.31090873,-0.20138904,-0.3741575,-0.32255805,0.07580751,0.21220483,0.13313873,-0.06252149,-0.017891303,0.25759184,0.04577548,-0.22111991,0.06981788,-0.5272699,0.083282284,0.065871164,-0.17402819,-0.104269154,0.22269805,-0.0078626685,-0.23058628,0.25215942,0.037832133,0.3318752,0.10305113,-0.13333642,0.017370041,0.13772318,-0.44044515,0.3528622,-0.41205502,-0.31776607,0.18950751,-0.09570527,0.09073049,0.3006557,0.22160937,-0.102559716,-0.09253417,-0.08015028,-0.18472478,-0.1779542,-0.01794765,0.08165244,-0.030685954,-0.13749486,0.48503315,-0.5743103,0.116609335,-0.03349778,0.0047675758,-0.00068819895,0.04786206,-0.022931878,-0.31167346,1.8024914,0.033588603,-0.059917703,-0.27932927,-0.21702975,-1.5389435,-0.24244718,-0.038233154,-0.2767918,-1.0246849,-0.27720752,-0.2894688,0.002980888,-0.16344719,0.26243103,-0.36739522,-0.04571062,0.14291531,-0.46438184,0.05705771,0.09528133,-0.5260973,-0.09904365,0.89306986,0.08882906,0.062576115,-0.27389959,-0.011892583,0.25406688,-0.0012419969,-0.1588065,0.107148156,0.21673085,-0.29890218,-0.015554663,0.15270509,-0.07080613,-0.05033066,0.08846599,0.15608802,0.14189681,0.0748318,0.01539949,0.14875881,-0.08166707,-0.018082142,0.058892284,0.1681084,-0.08214854,-0.114526935,0.116314605,-0.03788219,-0.22277956,0.005815923,0.19880489,-0.07710132,-0.17636767,-0.002020902,-0.11869093,-0.011025701,0.011417573,-0.0005108576,0.10091655,-0.008533888,0.24281287,-0.2969491,0.023488209,0.0374178,0.043775856,0.04950658,0.06472832,-0.06278151,0.4404788,0.059815146,0.18626098,-0.4561186,-0.29766873,-3.122538,7.952568e-05,0.4621447,-0.6332073,0.09096123,0.26426485,-0.057190396,0.1106901,0.15032978,-0.0155362785,0.13309923,0.12594533,-0.48875993,0.25137168,0.16983669,-0.29557133,-0.016018655,-0.11033677,-0.16474345,-0.16965465,0.2996753,0.0012305938,-0.3700306,-0.064093545,0.07292993,0.596357,0.07312436,0.40582883,-0.06387659,0.0023438581,0.052360937,-0.061929017,-0.2605158,-0.10361335,-0.04687657,-0.04561103,0.0018824115,0.2232827,-0.24962315,0.13670966,-0.10547578,0.0816695,-0.18502168,0.21359058,-0.09673712,0.17485353,-0.3466112,0.18974459,0.0105903,-0.11606519,-0.08543558,-0.20439029,-0.09153131,-0.08481507,0.08523093,1.0658491,-0.01934456,-0.14238945,-0.04493151,-0.078659356,-0.12621698,0.3437657,-0.39420062,0.56482816,0.01697406,0.06732682,-0.20379499,0.36249995,0.010755748,0.026327409,0.0047402717,0.08138887,-0.05749415,-0.18988228,0.17665924,0.5852316,-0.12917367,-0.07407581,0.09389499,-0.86907184,-0.37865022,-0.066937804,-0.0057112165,0.06323538,0.41024148,0.0651775,0.11181308,-0.07200745,1.2975049,-0.3016374,1.6025887,-0.085023314,0.004646886,-0.7001075,0.07990926,-0.018418614,-0.094453916,-0.00041336002,-0.31180173,-0.08028433,0.0656729,-0.1440786,0.15528543,0.14199542,0.12556718,-0.09796138,-0.05310972,-0.052389085,-0.10736811,0.481041,1.646512,-0.07939284,0.69617534,-0.07936284,-0.098146096,-0.14429843,0.1212043,-0.02101233,-0.25227904,0.18219343,-0.026350737,0.00043364987,0.23385206,-0.11477096,-1.844127,5.0208262e-05,0.04514765,-0.50628585,-0.33755562,0.21512356,0.27535325,0.42733175,0.009998061,0.29942912,0.084053285,-0.19230002,0.13007455,0.23461665,0.04669666,-0.10158388,-0.027073905,0.0013876036,0.3720454,-0.028975226,0.023744404,0.38757497,0.016317546,-0.0059201363,-0.07526545,0.24073341,0.23588875,0.04882515,0.33621928,-0.00082175434,-0.007064024,0.00022685155,0.11059129,-0.056382243,0.7683895,0.054189283,-0.009536956,0.14456132,-0.17740735,0.017929392,-0.13901201,0.13718894,0.0691384,0.07193917,-0.010145601,0.13491188,0.01732649,-0.67707276,0.36220223,0.26110524,0.11670661,0.07398443,0.06219969,-0.10145823,0.054768298,0.1085802,-0.14891022,0.010023877,0.16339985,-0.22765061,0.19993784,0.3307831,0.35555896,0.41576087,0.27626458,-0.32837582,-0.1628935,0.0599303,-0.22693498,0.18195719,-0.18572584,-0.06868891,-0.048989408,-0.088131726,-0.684062,0.01718425,-0.025261343,-0.5420599,0.9961959,0.2996885,-0.038952634,1.2296546,-0.18033674,-0.7876803,0.18091053,0.21899797,0.6222496,0.36479828,0.19047786,0.23602434,0.086053796,0.11109038,-0.028741345,0.0009787679,0.09164044,0.19737527,0.06126134,0.07017582,0.0756605,0.285148,-0.09759869,-0.042100467,0.1421469,0.043210085,-0.027869098,0.19684398,0.05717071,0.028493881,0.5718793,0.8017336,-0.15395997,0.26609036,0.040878236,-0.015307644,-3.1006124,-0.026736014,0.66419226,-0.12457174,-0.002697075,-0.10007676,-0.09349205,0.2462942,0.23306343,0.19116549,0.12290038,-0.022815503,0.03993265,0.022826348,0.022325698,0.23704097,0.12104084,-0.15145405,-0.15716295,-0.03598292,0.2691874,-0.17406216,-0.39210266,0.110088214,-0.047455594,0.002827488,0.020174067,-0.12481347,-0.033750303,-0.27678734,-0.50009143,0.17041677,-0.0116463825,-0.10316931,-0.039423555,-0.07422531,0.2658962,0.08001858,-0.01343869,-0.098606944,0.27819473,0.12097449,-0.005861966,0.03925101,-0.10407433,0.5490173,0.06650854,0.33635145,-0.008143321,-0.1220193,0.032361485,0.47186896,-0.09458797,-8.622428,-0.0146664195,-0.09113012,-0.37396318,0.11288447,-0.25968906,-0.17373963,-0.07901639,-1.09879,-0.013842836,0.007068973,-0.3904785,-0.100178756,0.24097998,0.049107645,0.1662689,0.06597492,0.23933601,0.02847886,-0.11552204,0.28795972,0.2258982,0.19422834,0.4198315,0.2041205,0.2511401,0.04257992,0.069951266,-0.19538589,0.23124208,-0.12404777,-0.40351146,0.16968626,0.045036264,0.41667008,0.24700539,0.06241611,0.05845098,0.039126016,-0.30238354,0.017213326,-0.013327211,0.01091497,0.27546343,-0.106254935,-0.20133518,0.070426136,0.16672233,-0.12051827,-0.100726634,0.05106478,-0.36189467,0.24690902,0.08145067,-0.22222646,0.6634445,0.04825414,0.2664622,-0.07171806,0.1540409,0.008757336,0.37774214,0.09249769,-0.06255493,-2.0243886,0.3718602,0.031306516,-0.07687676,0.07916024,0.07781132,-0.03840882,0.13395855,-0.15392524,-0.31922358,0.0618717,-0.54323316,-0.646549,0.0031698346,-0.20836644,-0.016142821,-0.06273038,0.10297035,0.88392186,-0.041218333,0.069161095,-0.17938043,-0.09424777,0.015658632,-0.041658767,0.12682322,-0.1656666,-0.45840856,0.080038436,-0.16969559,-0.0997794,-0.045145124,0.11473042,0.080338925,-0.16097805,-0.047710776,0.21958172,-0.106716946,0.02943512,-0.21838602,-0.046263363,0.48664844,-0.2469007,-0.24539262,0.15396525,0.41811764,-0.03324408,-0.01866962,-0.28994477,-0.2715336,-0.1547395,-0.27538612,0.120336294,-0.087484986,0.0010443497,0.19000679,-0.22048335,0.043296583,0.101173155,-0.090384185,0.46820152,-0.165964,-0.44456312,-0.32504743,-0.12897679,-0.07517686,0.027998004,-0.09780855,-0.12659942,0.13778567,0.13858728,0.273942,0.21769373,0.04980438,-0.0028613629,0.15892303,0.43069866,-0.08460123,0.11045005,-0.15089606,-0.028311362,0.27555674,0.06684798,0.037935853,1.5797976,0.12809311,-0.033512227,0.10894803,0.14435013,-0.21405628,-0.5157221,-0.022137549,2.407549,0.2745619,0.05461377,1.2814978,-0.034022942,0
-0.0028637722,0.034514647,0.18478535,0.22129127,0.11211574,0.440224,0.984316,0.14646325,-0.19505633,2.5279133,-0.048476603,-0.020571299,-0.4320994,0.09748469,-0.45756558,-0.102154,0.011482164,-0.12316854,-0.0015043356,0.01883836,-0.23613611,-0.054095,0.32507735,-0.25050583,0.20989552,-0.28006476,0.20980799,0.2362337,0.39140576,-0.017899413,0.18215166,0.17458597,0.08368307,0.01027089,-0.3790387,-0.00030339882,0.003657401,-0.12527673,0.046116788,0.024131207,0.08294865,0.2445848,0.3317092,0.1268373,-0.12224591,-0.17232025,0.077199474,-0.003591895,0.18779175,-0.31117877,0.014712766,-0.48258436,-0.10376741,0.0057610716,0.65014017,-0.12442018,0.061746284,0.1581657,-0.10693104,0.15720688,-0.5168761,-0.1822995,-0.09829391,0.26597518,0.39979732,0.21442443,0.16238123,-0.38660234,0.048822843,-0.104132324,-0.1328528,0.027714986,-0.06628811,-0.10047273,0.08885573,0.07013162,0.23118079,-0.2897727,0.007737901,0.03447278,2.092728,-0.29820442,0.077402465,0.21687865,2.5937076,0.19037051,-0.289959,0.10636701,0.12580234,-0.21103615,0.04131923,-0.09600781,-0.145421,-0.051834486,-0.017347503,0.1282559,0.13376734,-0.06290437,-0.87991273,-0.055487603,-0.06355831,-0.011773305,0.34003165,-0.052263096,0.2842,-0.111647725,-0.1040535,-0.4157907,0.04329164,-0.15164873,-5.629222,-0.07200734,0.14575356,-0.106105894,0.2786005,0.21933958,0.1325223,-0.034132287,0.07790861,-0.65375006,0.28668642,0.14707142,0.025489217,0.03491915,-0.10335512,-0.113930814,0.08175561,-0.041710906,0.1982209,0.1623337,-0.1198224,0.0063441247,-0.068607524,-0.32246065,0.17894764,-0.21487051,0.10235092,0.17205827,-0.11412222,0.032540843,-0.009812148,0.10202362,-0.023490634,0.074064784,0.4008212,-0.04408323,-0.03813761,0.0024348162,-0.056286022,-0.09436485,-0.7209765,0.069587015,0.046629474,0.074135795,0.16121522,0.36309388,0.10343164,0.1562571,0.25575864,0.14508538,-0.050822113,0.2574296,0.29617304,0.13792111,0.12171939,0.021914883,0.11224447,0.24680075,0.25186247,-0.061762445,-0.15166298,0.03349533,0.019585196,0.026710913,0.19208434,-0.14784208,-0.52808535,-0.22336744,-0.37406257,0.3356577,-0.15236625,-0.4109931,-0.02347907,0.8784704,-0.4883436,0.6051119,-0.051132962,0.29751337,-0.069681525,-0.09826517,-0.013596121,-0.027686462,0.0046067536,-0.06500771,0.11253265,0.23726515,-0.11726495,0.09097512,-0.111244425,0.25171432,0.0127797425,-1.2625648,-0.034627408,-0.09522924,0.0898252,-0.34509587,-0.034549844,-0.088331655,0.013678837,-0.2933423,0.17418739,0.08219187,-0.07903049,0.015762683,0.20244002,-0.024231944,0.25835857,-0.08245927,0.0008921226,-0.09097102,0.44131637,0.45950317,0.2930342,0.016025681,-0.1444467,-0.06269848,0.30404243,0.104723394,0.121059135,0.12965076,-0.4838835,0.05158704,-0.38639593,0.09226391,0.024969304,-0.015500255,0.17683852,0.05658509,-0.34108514,0.07006517,-0.10706103,-0.0064522447,0.029050764,0.0026636105,0.023365397,0.005948432,-0.111317456,-0.24903524,-0.25748587,0.26106808,0.2355832,-0.14394759,-0.40660715,0.22192085,-0.012120951,-0.10605064,0.24110517,-1.0159998,-0.11346853,0.25939375,2.096139,-0.5575081,0.07547192,-0.74716353,0.38209578,0.84560233,-0.2585926,-0.17688346,0.090828575,0.33325708,0.20487678,0.0018835785,0.04945057,-0.07427357,-0.15393062,0.75230616,0.15397632,-0.084751755,-0.07110995,-0.07443941,-0.20232706,0.075967155,-0.19926102,-0.022693768,-0.3679099,0.11779558,0.10504036,-0.1897949,0.16709988,0.27997267,0.025529526,0.14656262,0.08424628,-0.11820305,0.013534837,0.033067755,-0.06240762,0.13579614,0.045664594,0.039414354,0.17005713,-0.004332999,0.16005002,-0.46323878,0.10596976,0.07590803,-0.041469775,-0.026655473,0.08453432,-0.2397377,0.08294108,0.84520835,0.01965648,0.07197284,0.0031433813,-0.1820795,-0.1406244,-0.34819728,-0.014991972,0.46994174,0.018688485,0.21927725,-0.07738249,-0.0666787,0.41061643,0.5070919,-0.09505751,-0.08245621,0.28468007,-0.06825912,0.028317243,0.057340674,-0.13521905,0.19486581,0.53170085,-0.9512124,0.05179932,-0.069302715,-0.1849685,-0.027691156,0.1047616,0.04733756,-0.008565724,-0.3198794,-0.07229582,-0.19417691,0.102552205,-0.08097005,-0.15136983,-0.049189843,-0.14413418,0.44469357,0.10365939,0.12735297,0.5615363,0.049405523,-0.11948714,-0.044793487,-0.07611355,0.13089877,0.059862934,-0.047765393,0.15887615,1.3746635,0.03196942,0.041314688,0.047947466,0.0056721307,0.17628483,-0.38063264,0.88194895,0.061858375,-0.109565526,0.22379129,0.078284815,0.3397552,0.044694986,0.08635581,0.61986554,0.0025130266,-0.0064433054,0.12551145,-0.15111917,-0.2868243,-0.08626546,-0.08433233,0.4066047,0.03790705,0.0015456822,-0.14359061,-0.2272816,0.13497168,-0.26047933,-0.030743059,0.15313289,0.063081115,-0.0056112483,-0.36298788,-0.51987654,-0.14475544,-0.049146555,-0.10312933,-0.37393388,-0.24016283,0.41982642,0.005909398,-0.19334179,-0.060003094,0.025176845,-0.0054465234,-0.12493718,-0.12126423,-0.096142784,2.7860062,0.08150343,-0.22189258,-0.15164527,0.05680731,-0.0020411387,0.8612362,-0.06490604,-0.06384608,0.040157802,0.1338565,-0.048047647,-0.1982246,-0.20705011,-0.0046403185,0.18969178,-0.10088323,0.20580137,0.05254375,0.019019522,-0.116321996,0.35371196,0.10871707,0.12881613,0.07001613,-0.22639436,-0.0137593895,0.37139034,-0.10255319,-0.33547378,-0.52013737,0.15126184,0.23979056,0.11503726,0.060229808,-0.063823394,0.48539025,0.032870736,-0.22973888,-0.040891528,-0.6704018,0.10005059,-0.020150691,-0.19605467,-0.16403937,0.20892954,-0.035812825,-0.21842545,0.17454922,-0.12464504,0.41573668,0.027390856,-0.09353617,-0.017402515,0.1557388,-0.51518375,0.47826117,-0.33124295,-0.38591525,0.21036372,-0.04210186,0.084218144,0.31249946,0.2180816,-0.08044037,-0.13170122,0.108793564,-0.064469025,-0.15069,-0.06916591,0.021363977,-0.062591605,-0.24473335,0.4367041,-0.63941777,0.16962014,-0.018195793,-0.0034430474,-0.00065792585,-0.009383179,0.053583838,-0.3134472,2.148336,0.041393105,-0.09019947,-0.22049646,0.16509259,-1.792609,-0.28461295,-0.007661108,-0.16136134,-1.0297976,-0.40806442,-0.29501387,-0.02794139,-0.23135437,0.15379459,-0.30491596,0.011386529,0.15292683,-0.5455035,0.23246622,0.107732475,-0.5884874,-0.116565734,0.8226423,0.090282224,0.0124638835,-0.43572575,-0.023819376,0.1665453,-0.05129926,-0.13758244,0.20803714,0.0932824,-0.28347188,-0.019370522,0.21841738,-0.05888236,-0.10310684,0.1167674,0.058270425,0.13851586,0.05390069,0.00020527467,0.15469165,-0.08103821,-0.024321008,-0.0027781297,0.1659421,-0.17994651,-0.04327468,0.09056518,0.006513561,-0.2976524,0.0048545245,0.23637334,0.010873757,-0.16031823,-0.06354372,-0.22494727,-0.019506363,-0.0034275018,-0.0004630803,0.21768564,0.022293974,0.11365378,-0.39824352,-0.05754907,-0.019578788,0.16974369,-0.08714079,0.19010182,-0.06282207,0.34065038,0.07199975,0.21289186,-0.5427102,-0.47847223,-3.5712523,7.593778e-05,0.5516323,-0.5632908,0.09964964,0.17275344,-0.08035695,0.036340803,0.12080863,-0.07132609,0.1571849,0.17187235,-1.1583443,0.2841251,0.0574921,-0.20506693,0.1318337,-0.07472763,-0.10148984,-0.32691747,0.20787682,-0.0052630194,-0.39081284,-0.096264586,-0.0031385869,0.69416976,0.067299664,0.15586004,-0.069994226,0.0023127813,-0.008721702,0.0048140213,-0.1840842,-0.12069422,-0.06293249,-0.13699475,-0.073605455,0.25162825,-0.27912384,0.1624941,-0.18967664,0.11730677,-0.18428867,0.24087742,-0.12664713,0.12251426,-0.49819267,0.17328218,0.068970874,-0.12948349,-0.11500565,-0.30641022,-0.1651834,0.014533604,0.057341535,1.387801,-0.06686356,-0.104717895,-0.08674369,-0.09835801,-0.11972983,0.39936057,-0.40838012,0.4394872,-0.035849907,0.06404325,-0.12019315,0.4470855,-0.09418222,0.013632882,0.06284411,0.11985349,-0.12436426,-0.16313776,0.29064915,0.59687746,-0.10729115,-0.0630469,-0.038170204,-0.8202809,-0.39887604,0.024156991,0.07604309,-0.045034047,0.12644544,0.08129004,0.061259646,-0.13729692,1.3008434,-0.25447088,2.4485884,-0.024722956,0.03426801,-0.76454514,0.10787251,-0.016808284,-0.04747577,-0.00038147706,-0.27636254,-0.12004514,0.12524682,-0.09725013,0.14888984,0.16291973,0.07381173,-0.13735211,-0.055880666,0.040400457,-0.16642551,0.5437858,2.2474768,-0.14916115,0.6988103,-0.14792183,-0.23223506,-0.13631564,0.18583752,-0.041962028,-0.19034208,0.23760301,0.05231096,-0.049956333,0.19718671,-0.079999425,-2.4502518,4.3799926e-05,-0.008013373,-0.6439561,-0.34419793,0.36131757,0.22859162,0.27039704,-0.06065824,0.34486896,0.01997684,-0.19628176,0.16359664,0.26598066,0.041099843,-0.13885343,-0.026856102,-0.08086891,0.44404325,-0.059478395,0.018412348,0.3983167,0.01955166,-0.027148377,-0.07418696,0.20976251,0.26725924,0.063193314,0.29347983,-0.015952453,-0.027590306,-0.046035226,0.13128525,-0.08702536,0.6205858,0.10480088,-0.030326247,0.080298565,-0.1766589,0.026484374,-0.07795744,0.10518357,0.11085552,0.11104657,-0.06286039,0.12100578,0.11520749,-0.6442431,0.470467,0.27052915,0.12011844,0.037005085,0.10508963,-0.17165686,0.05296252,-0.07395063,-0.08487315,0.05031299,0.06068475,-0.30541608,0.08932181,0.06556777,0.37265006,0.2945031,0.31729573,-0.30537283,-0.14063177,0.0608662,-0.23084462,0.19347858,-0.2295103,-0.1864168,-0.1767256,-0.25469014,-1.2003775,-0.0050988533,0.039806902,-0.65652376,1.1479579,0.24162036,-0.03824702,1.381813,-0.31190178,-0.80166966,0.15093473,0.35579056,0.7734605,0.48402125,0.30889985,0.10439983,0.1620086,0.017099075,-0.0444559,0.09703991,0.17659517,0.23203436,0.09597438,0.05008226,0.1510546,0.35685635,-0.12436483,-0.11577787,0.2540617,0.07590197,0.016437799,0.2656838,0.14791027,0.056193393,0.588226,0.8246969,-0.08923103,0.26305935,0.03644694,0.027087975,-4.1046453,-0.1418237,0.81882447,-0.10487446,-0.009484486,-0.16266559,-0.13076858,0.30372155,0.27499813,0.22221616,0.14200595,-0.09481092,-0.008484863,-0.07073279,0.03965543,0.30582857,0.14354762,-0.17179286,-0.13230756,-0.06409691,0.41238642,-0.17686388,-0.30287468,0.09021944,0.048496515,0.019355789,-0.00780648,-0.20985422,0.0059256107,-0.23350833,-0.5052847,0.38389778,-0.008527871,-0.11093426,-0.030179001,-0.02557677,0.33185786,0.102679655,0.011924116,-0.12590355,0.26847985,0.06966762,-0.016050097,-0.0602438,-0.12435147,0.6362498,-0.0071644336,0.37095502,0.04348324,-0.11675668,0.026367549,0.6097702,-0.15528727,-9.68683,-0.046084624,-0.09846757,-0.40267688,0.09541153,-0.3416006,-0.15414312,-0.11743337,-1.9726081,-0.010007113,0.035086744,-0.34449226,-0.22746496,0.301328,0.06797832,0.16392429,-0.00053441525,0.23973699,-0.19123963,-0.24030626,0.30907297,0.1382294,0.22640997,0.4633753,0.26248243,0.23417313,0.024159774,0.0017808657,-0.27502978,0.22978067,-0.112932414,-0.54489154,0.16040488,0.024903849,0.41005632,0.16420811,0.10242761,-0.07369824,0.09848284,-0.25714004,-0.083195984,0.05717002,-0.09817131,0.28369442,-0.16533524,-0.20594133,0.08663913,0.122715145,-0.22496735,-0.057747416,0.07349687,-0.33972806,0.20928,0.06276695,-0.2564046,0.59938073,0.1185628,0.27008152,-0.103163175,0.23743743,-0.0048596305,0.3063166,0.17818238,-0.032222424,-2.037944,0.5062801,0.03749255,-0.057106566,0.10413861,0.052571513,-0.106105566,0.11249614,-0.10018943,-0.30464175,-0.038261466,-1.0509534,-0.94214916,-0.1745194,-0.13277024,-0.00829521,-0.18420945,0.051054977,1.0046167,8.2455575e-05,0.07712189,-0.12174237,0.010217436,-0.06970401,-0.0411241,0.15651307,-0.1453061,-0.5481848,-0.07212044,-0.2732768,-0.14127246,-0.19334716,0.17802754,0.14993127,-0.2191397,0.02348578,0.34426376,-0.10018416,-0.016546803,-0.16987692,-0.03136735,0.48590687,-0.19794407,-0.32748154,0.22706722,0.5106162,-0.05007331,-0.06666885,-0.27318886,-0.31360853,-0.1439368,-0.2800536,0.06029769,-0.17276357,-0.0084219035,0.061721697,-0.12895125,0.033320528,-0.03313196,-0.03862194,0.47589654,-0.100682706,-0.26600194,-0.33138227,-0.14450665,-0.11473174,-0.0019390052,0.041727662,-0.19999686,0.16652429,0.27483413,0.28288817,0.1357497,0.11380833,-0.024086572,0.1857465,0.64497346,-0.090585545,-0.036154445,-0.16069312,-0.024834482,0.30004054,0.030448057,0.08033119,1.885585,0.10950747,-0.021110673,0.1064981,0.119785964,-0.1715858,-0.6019478,0.0442595,3.0120354,0.30134955,0.0032683387,1.2477673,-0.030962093,0
-0.00973203,0.014294449,0.212144,0.25000104,0.33150613,0.32186586,0.6469625,0.064594015,-0.1084854,2.1373343,-0.096334174,-0.019710839,-0.4589628,0.091668434,-0.30208385,-0.10554768,0.0031705154,-0.10134109,0.12045527,0.012109745,-0.073209114,-0.08180295,0.28916103,-0.26082426,0.21699116,-0.14430764,0.2894919,0.17268106,0.3767576,-0.03270787,0.10861112,0.13283557,0.05365132,0.030993912,-0.331196,0.0056539625,0.03672048,-0.09981147,0.045865,-0.06859025,0.033562277,0.3108769,0.3776537,0.13019875,-0.13327256,-0.24920677,0.06631567,-0.0006540343,0.077145554,-0.34651133,-0.01831451,-0.3784127,-0.11135419,-0.011623375,0.5408347,-0.09479452,0.06383907,0.43158114,-0.07496034,0.13976969,-0.4480653,-0.16158164,-0.07918668,0.30713266,0.34178364,0.12282123,0.108872734,-0.37985337,0.021325512,-0.065696,-0.13382997,0.01526982,-0.0475834,-0.13723394,-0.025199626,0.027032385,0.16382928,-0.36264062,0.010080712,-0.053492263,2.1254933,-0.25798056,0.099642634,0.23059653,2.4047728,0.1606439,-0.20260526,0.09808797,0.10910132,-0.31831315,0.049046054,-0.1910763,-0.13655859,-0.04010486,0.018304888,0.114812315,0.11994072,-0.15164806,-0.8042507,-0.012682842,-0.0846301,-0.03858247,0.22248863,-0.15862915,0.2901962,0.058092654,-0.10280766,-0.38756976,0.07778695,-0.12955754,-5.1252165,-0.07322329,0.09041001,-0.015942674,0.27333063,0.21082756,0.10917665,0.019670963,0.085403204,-0.5479653,0.16812827,0.1610946,0.016780492,0.037117742,-0.115192935,-0.042581927,0.09674199,-0.06429007,0.16590337,0.208004,-0.12388514,-0.051933706,-0.056900352,-0.3708706,0.18023968,-0.22011906,0.05334757,0.10106576,-0.14479768,0.007815912,0.027761646,0.08672679,-0.07107293,0.20658508,0.34301054,-0.038354337,-0.013848392,0.0486803,-0.06391598,-0.08096237,-0.54259473,0.052013144,0.023390168,0.021421477,0.27658865,0.23219119,0.08916265,0.094161734,0.20335683,0.10844229,-0.039072137,0.30180383,0.2620451,0.09822989,0.065370284,0.13881966,0.094879545,0.2635443,0.28448087,-0.06821031,-0.13127358,0.06370818,-0.07109323,0.09209185,-0.09619667,-0.07788824,-0.5165352,-0.16006865,-0.33862025,0.2997577,-0.17729658,-0.35302067,-0.07425688,0.8662809,-0.38732183,0.35381815,0.013543025,0.18635939,-0.06194292,-0.094470456,-0.006960757,0.0015216321,0.005764555,-0.01764948,0.15078391,0.2432292,-0.09394533,0.090698555,-0.039728932,0.24814865,0.01092473,-1.2311838,-0.07994157,-0.092270374,0.08486554,-0.28953403,-0.08043534,-0.08686647,0.03639146,-0.19202079,0.14067717,0.12717451,-0.101299405,-0.030938894,0.20766428,-0.0020813085,0.29774928,-0.06140652,0.0009623232,-0.07779311,0.37483492,0.42299616,0.21875079,0.019298255,-0.18712601,-0.07497407,0.5338557,0.108930156,0.08809741,0.19251496,-0.33921134,0.057731763,-0.47411162,0.08240186,0.020334657,-0.038192473,0.22282599,0.05727309,-0.1333605,0.11899118,-0.21610922,-0.03317698,0.020169951,0.0025688522,-0.0022976883,-0.011829928,-0.06791979,-0.19769123,-0.23271178,0.2754674,0.18176842,-0.14278284,-0.38150984,0.14764258,0.063430294,-0.095219225,0.27344275,-1.092921,-0.0034390166,0.2679063,1.9305265,-0.462363,-0.026618049,-0.38742125,0.5262287,0.9202904,-0.2178239,-0.24886602,0.05489146,0.26432288,0.18885168,-0.052714296,0.0010036323,-0.044767253,-0.14463258,0.7175831,0.1422902,-0.046857305,-0.06269556,-0.04405582,-0.027786985,0.093913645,-0.15652162,-0.008871232,-0.3299622,0.18506387,0.035988964,-0.20216775,0.19612071,0.29572657,0.026015982,0.061319076,0.07855413,-0.07058561,0.022327865,0.03082189,-0.11186992,0.12509698,-0.14665583,0.11090684,0.101576194,-0.12146275,0.164411,-0.3867764,0.08291429,0.048637845,-0.05671472,-0.044911608,0.14047162,-0.2012415,0.14874995,0.79887354,0.058217056,-0.0082299365,0.017596077,-0.29574084,-0.39922595,-0.22121698,0.0006113341,0.3791793,0.008693939,0.16962083,-0.08328006,-0.075471565,0.36931932,0.38361692,0.08166754,-0.07563403,0.1562166,-0.013660952,-0.00048438832,-0.02033785,-0.12580167,0.216313,0.4792285,-0.67396,0.022670887,-0.0024232166,-0.2985739,-0.1149901,0.089493744,0.031017452,-0.087980755,-0.38099992,-0.07343039,-0.12608308,0.20127247,0.070922725,-0.086045966,-0.04487007,-0.144773,0.4348182,0.051888753,0.17750646,0.6128106,0.02797154,-0.10822822,-0.03742166,-0.025286917,0.20219235,0.042337634,-0.074315555,0.13953109,1.4061786,0.051977426,0.028230004,0.0006420426,0.044924445,0.19758521,-0.51203525,0.9814386,0.051141374,-0.20208475,0.109958574,0.11850115,0.33317807,0.03099946,0.028942317,0.5289567,0.002580683,0.0020286664,0.03730359,-0.15307716,-0.22605847,-0.048443012,-0.08959121,0.42881405,0.121538445,0.0015499359,-0.20563143,-0.2105355,0.081319064,-0.25633365,-0.07717832,0.156168,0.06278104,-0.017476838,-0.3227867,-0.41462922,-0.15695782,0.010434091,-0.082572594,-0.39432886,-0.28567228,0.39215508,-0.0059749708,-0.24339616,-0.09542008,0.09401802,0.052276503,-0.16280137,-0.12164057,-0.12946348,2.4931498,0.07902848,-0.2497136,-0.19412813,0.106605425,-0.060520217,0.7650578,-0.098811656,-0.054108232,0.09306528,-0.019213974,-0.08325963,-0.108635515,-0.19924678,0.09980195,0.19407246,-0.14946148,0.15373588,0.018663593,0.021930702,-0.15727228,0.27254418,0.04165917,0.2107552,0.060752705,-0.11767602,0.012579925,0.3974657,-0.18849343,-0.29623884,-0.39347032,0.10017188,0.28253654,0.07739727,0.018469512,-0.034689873,0.3828088,0.06996511,-0.20008439,0.02040961,-0.6092308,0.07492799,0.04409471,-0.23573601,-0.14134403,0.2342064,0.011825751,-0.21804228,0.28369188,0.04588776,0.3852285,0.056230277,-0.14102003,0.001611568,0.13193327,-0.47169414,0.41056767,-0.35049775,-0.32466173,0.18223661,-0.13757843,0.06880959,0.30547658,0.26665047,-0.14445317,-0.095698744,0.05335846,-0.117133066,-0.096186586,-0.058900785,0.03850498,-0.037638336,-0.2506129,0.35897297,-0.5777902,0.1050871,0.05460445,0.021012437,-0.0006800923,-0.023866452,-0.022045754,-0.3469221,1.8550391,0.011496402,-0.13636263,-0.20564276,-0.2791285,-1.5209559,-0.28589028,-0.057587553,-0.2703104,-0.8778262,-0.28949955,-0.29204908,-0.0055945665,-0.13671124,0.24631259,-0.2606076,-0.10380423,0.14861695,-0.43981782,0.1710525,0.07725796,-0.509921,-0.13030419,0.7635336,0.06826936,0.046654865,-0.32056296,-0.037153814,0.017886698,-0.029369444,-0.113640025,0.15489653,0.18780987,-0.35651642,-0.0128744915,0.23671442,-0.06381211,-0.15368488,0.14519514,0.054362267,0.17261595,0.07353586,0.012814783,0.12375563,-0.078845195,-0.02501226,0.006224905,0.18336746,-0.116506726,-0.022455502,0.1112341,-0.024507558,-0.26512071,0.029934678,0.22814354,-0.05351963,-0.1674753,-0.0065043317,-0.14400703,-0.006349925,0.027000949,-0.0005043687,0.16206893,0.020244412,0.10775268,-0.08107093,0.0051385015,0.037270054,0.11825217,0.026022334,0.1713109,-0.06304337,0.35489893,0.038952436,0.18099894,-0.44831687,-0.30487725,-3.2873058,7.4800904e-05,0.46932492,-0.47354415,0.087553576,0.30853823,-0.04705438,0.105493486,0.17922276,0.04061237,0.10339694,0.18847962,-0.66220534,0.23282467,0.11571568,-0.267025,0.043677725,-0.10546994,-0.11172424,-0.237331,0.16289979,-0.040212408,-0.4110239,-0.07639666,0.055044737,0.7262237,0.028680548,0.36982197,-0.084063224,0.0023168866,0.021059126,-0.04894887,-0.011307031,-0.07376664,-0.08713623,-0.033515953,0.027129032,0.22257446,-0.2149261,0.19443062,-0.22045791,0.17234084,-0.21622239,0.22869474,-0.10608852,0.17375523,-0.37559387,0.13065112,0.032841016,-0.13004299,-0.16982292,-0.22085753,-0.0813114,-0.0063828146,0.09644489,1.2981503,-0.034223974,-0.113775864,-0.026422396,-0.09568747,-0.13427775,0.30156478,-0.40563685,0.6535288,-0.035252757,0.04559935,-0.07551059,0.39632505,-0.050655365,0.0038417093,0.009658368,0.11715655,-0.06973833,-0.19176686,0.17049219,0.41075686,-0.0997442,-0.049581952,-0.015266504,-0.8400697,-0.36728823,-0.07205494,0.028339293,0.04801902,0.09506349,0.037831187,0.081373066,-0.13614547,1.1961839,-0.24945137,1.8111717,-0.0646563,0.019085564,-0.6027976,0.037602298,0.008974759,-0.13554461,-0.00042087413,-0.27277976,-0.0080036,0.07401869,-0.17969286,0.08345601,0.18498784,0.013797373,-0.06892468,-0.057304386,-0.02987063,-0.0927136,0.5157895,1.808788,-0.11786651,0.5811033,-0.100756094,-0.10763554,-0.1734207,0.20125248,-0.018356405,-0.21875839,0.17532258,-0.0336653,-0.043212973,0.17456399,-0.095012434,-1.8771168,4.6752186e-05,0.02343093,-0.42601493,-0.24784309,0.24461108,0.31502205,0.30428183,-0.011731138,0.2795634,0.09413197,-0.17945994,0.10642326,0.24033324,0.033929504,-0.15398139,0.016413257,-0.023728166,0.3352822,-0.051360447,-0.00083974376,0.28217834,0.04334,-0.089045405,-0.072288856,0.28776464,0.24555555,0.04572187,0.28097463,-0.072687,0.021787206,0.014216717,0.12812877,-0.030981503,0.52105296,0.007297341,-0.004415131,0.15882543,-0.34171036,0.0071345265,-0.1463474,0.08267247,0.0644663,0.11809876,-0.025827244,0.1089976,0.062561855,-0.47431827,0.41942295,0.26325962,0.09101024,0.05534698,0.103036165,-0.1497545,0.04694742,0.007918522,-0.11326808,0.052408554,0.12459228,-0.22922769,0.0612621,0.13887428,0.36572385,0.44899282,0.3023184,-0.31864107,-0.14382526,0.043119773,-0.27440327,0.2197823,-0.3407586,-0.17361158,-0.13419746,-0.15325198,-0.7645506,0.018943997,0.009929359,-0.6968955,0.99157065,0.3275658,-0.013680755,1.16296,-0.25774327,-0.7283226,0.16004935,0.22914197,0.66196215,0.37693754,0.064987764,0.12749675,0.11098149,-0.013048567,0.00025666505,0.0732134,0.11651124,0.18466814,0.042305775,0.0979816,0.0146014355,0.3791362,-0.17841034,-0.07710512,0.16347525,0.15279955,-0.0008568242,0.1940145,0.075763285,0.036084406,0.47298193,0.904724,-0.12722427,0.2876624,0.037936468,0.00065556914,-3.1580226,-0.053726397,0.630092,-0.0002474934,0.011181602,-0.09089159,-0.02952748,0.32636717,0.2515273,0.22067457,0.15168163,-0.052005228,-0.087666966,-0.010256425,0.016964454,0.2351313,0.13336918,-0.2466915,-0.20627408,-0.0501573,0.2769555,-0.24523193,-0.3113371,0.2175969,-0.037627555,0.017671458,0.020662665,-0.15092783,0.0012474731,-0.17432934,-0.46369317,0.39852422,0.0065432414,-0.10430409,-0.052675024,-0.099206954,0.2965431,0.057351075,0.0067386776,-0.12716594,0.2505581,0.02736593,0.01165197,0.04172048,-0.10682459,0.48686966,0.0862507,0.33056712,-0.008091677,-0.09259598,-0.044954408,0.42666686,-0.07681774,-8.9588585,-0.019414041,-0.07190541,-0.37695837,0.082923464,-0.21177104,-0.1592286,-0.09907174,-1.4733232,-0.019575983,0.02840823,-0.3771088,-0.1457721,0.22026876,-0.020314584,0.18119471,-0.009690911,0.21551104,-0.01752977,-0.11135784,0.26617926,0.2741076,0.15840504,0.36071873,0.30986524,0.27198473,0.02127716,0.034136176,-0.26054582,0.1637781,-0.11530873,-0.37540755,0.11541164,0.057568192,0.38018587,0.13696119,0.13311723,-0.03320679,0.1026379,-0.28932172,0.017730925,-0.012956977,-0.08489975,0.24600235,-0.11830661,-0.18561448,0.053724166,0.10425905,-0.12860905,-0.09412869,0.04791066,-0.4053145,0.20702319,0.060407095,0.039716832,0.6312565,0.05450981,0.33540386,-0.09329447,0.14588436,0.01800033,0.2955779,0.1093902,-0.038728688,-2.0089333,0.41824505,0.038503155,-0.02224223,0.12041866,0.05866073,-0.07420237,0.11102904,-0.15636122,-0.3453292,-0.031802595,-0.76769686,-0.80144703,-0.046884164,-0.17685074,-0.014842532,-0.14348704,0.04626524,0.8115938,-0.06989674,0.073187254,-0.1086061,-0.060436495,-0.015363745,-0.030752469,0.20781337,-0.1354194,-0.43895254,0.052014466,-0.24122107,-0.14484596,-0.13252003,0.16402672,0.13399014,-0.24847138,-0.13719201,0.19784233,-0.10243532,-0.027527845,-0.16192755,-0.0428014,0.49477017,-0.24602227,-0.27360317,0.15412247,0.58578545,-0.03671581,0.031981736,-0.2738068,-0.2317254,-0.17033671,-0.32728282,0.11872936,-0.1120869,0.027051978,0.20149156,-0.084882416,0.055194933,0.077323176,-0.02647812,0.5136539,-0.10715977,-0.3744293,-0.35398862,-0.13992691,-0.09648605,0.020596635,0.0007699728,-0.13052581,0.15094484,0.17004094,0.27545005,0.17665878,0.088913634,-0.025429051,0.16633366,0.5363909,-0.06268561,0.19911072,-0.17067553,-0.055228513,0.23191077,0.049343377,0.08086965,1.5384232,0.111442775,-0.041172106,0.113632575,0.103229076,-0.15882486,-0.51664865,0.0007273257,2.3085334,0.28403533,0.032887153,1.1475836,0.0018836223,0
0.0149955,0.05464866,0.17818022,0.17287946,0.5555892,0.28717735,0.68247974,0.08907889,-0.15046822,2.053009,-0.04327494,-0.004174046,-0.42176977,0.084025554,-0.32924598,-0.08247903,0.045559302,-0.09889284,-0.075261585,-0.0005635768,-0.38509527,-0.047988117,0.35261154,-0.13837364,0.16581175,-0.26276493,0.09721337,0.15543497,0.2640213,0.052448336,0.09879728,0.111155644,-0.022117611,-0.023098331,-0.37622872,0.027550008,0.0310135,-0.08909698,-0.06443176,0.009963013,0.066660255,0.42039737,0.28419918,0.11544627,-0.07342445,-0.1619933,0.05821604,-0.055659916,0.07522696,-0.1775868,-0.050968785,-0.36085355,-0.12753177,0.0059497044,0.43134794,-0.08553316,0.02739621,0.4569502,-0.07636504,0.16453494,-0.47295424,-0.14964211,-0.0778624,0.417333,0.2553389,0.085687175,0.15192257,-0.33654332,-0.07009191,-0.079656534,-0.051765144,0.055237137,0.05764693,-0.15023708,-0.22927701,0.016881118,0.20023797,-0.21451451,-0.040927794,-0.015001118,2.0366855,-0.14713159,0.117942005,0.11496928,2.4477837,0.111935064,-0.23272873,0.036805913,0.11529724,-0.171934,0.027603522,-0.14193478,-0.2603851,-0.05791766,-0.05583559,0.15411256,0.13757542,-0.0053317496,-0.7753078,-0.031615917,-0.06524934,-0.024000509,0.27830717,0.020107007,0.18889,0.09796482,-0.06361047,-0.3093452,0.08069986,-0.12669158,-5.0052233,-0.023939371,-0.0049017295,-0.047429383,0.13601846,0.15446271,0.066490784,0.07807299,0.07013952,-0.46265692,0.17640197,0.11625428,0.005925946,0.099896476,-0.13878006,-0.06869885,0.022612445,-0.08223375,0.07307641,0.24558605,-0.16687378,-0.019786298,-0.010817517,-0.28266656,0.1758627,-0.21767028,0.09516299,0.18300474,-0.110695116,-0.0136269,0.0018195427,0.13169754,-0.009949731,0.028209396,0.2556832,-0.025002822,-0.031243378,0.17881902,-0.03740696,-0.022386484,-0.4812914,0.030615725,0.043891594,0.027739815,0.11965221,0.303584,0.084756225,0.10941893,0.18640031,-0.08643902,-0.056912895,0.267378,0.082352675,0.10609348,0.07697207,0.13289395,0.10039693,0.27475017,0.2280397,-0.10723274,-0.19843888,0.05043113,-0.04474605,0.04678055,0.0010410175,-0.06737427,-0.4942511,-0.20726812,-0.2694844,0.26057035,-0.24149698,-0.38815776,-0.07993765,0.8454201,-0.47630665,0.24317941,-0.048808753,0.2794496,-0.06860652,-0.1291953,0.0065464377,0.12781249,0.013255257,-0.050277844,0.07942902,0.19005653,-0.02773115,0.08489854,-0.10078494,0.25274023,0.021142071,-1.3355774,-0.08312685,-0.08592064,0.07202496,-0.28478038,-0.016063191,-0.10140115,0.011923743,-0.2118083,0.052808687,0.10867354,-0.12682268,-0.032984234,0.1458002,-0.01419501,0.29822466,-0.02607895,0.0009669784,-0.07212539,0.33103365,0.4194639,0.29471588,0.06315118,-0.08248701,-0.081206486,0.8090989,0.11152084,0.1746687,0.112248704,-0.25950342,0.041936092,-0.35620978,0.07200097,0.076067075,0.051129136,0.121020354,0.020592816,-0.024659038,0.031125534,-0.08101764,-0.02076665,0.05305818,0.002300866,-0.0075875036,-0.02067101,-0.06723511,-0.20340493,-0.20811109,0.280035,0.15241037,-0.20402084,-0.2439103,0.14663437,0.07467485,-0.042510986,0.2612073,-0.89921176,-0.0030880421,0.25121993,1.8837683,-0.4831302,-0.14893667,-0.5290831,0.4772423,0.6180569,0.1352971,-0.20187184,0.15362737,0.32918265,0.3002578,-0.0639121,0.101545975,-0.0029765898,-0.06501438,0.63399535,0.11033878,0.03524611,-0.052133515,-0.07414764,-0.09901762,0.09889134,-0.21379519,-0.08531581,-0.30960298,0.09572097,-0.097129464,-0.18606102,0.1959366,0.36833453,0.028633643,0.098535806,0.123990946,-0.18488172,-0.043790523,0.01890774,-0.074541956,0.1795481,-0.20698705,-0.013822568,0.088279516,-0.07269516,0.28568998,-0.44487745,0.07944537,0.013873873,-0.010418557,-0.035396323,0.114198506,-0.078665115,0.14384139,0.62580466,-0.013201635,-0.015437942,0.017931104,-0.12850201,-0.24642181,-0.12333469,0.03905022,0.19519195,0.10472664,0.15500407,-0.06952528,-0.0512558,0.3207133,0.3825279,0.006509371,0.1057453,0.13106361,0.11636573,0.02143506,0.089681566,-0.1144286,0.27352855,0.48027155,-0.84312725,0.0046358146,0.003679562,-0.25182122,0.0059285015,0.056441955,0.015962172,-0.09874028,-0.1485858,-0.044664845,-0.18767445,0.20099396,0.17175749,-0.030376397,0.07356732,-0.17226416,0.4284534,0.012171902,0.127241,0.70522153,0.029485535,-0.12593386,-0.0046748817,-0.013800435,0.172922,0.032661766,-0.05859661,0.12698573,1.3273488,0.07457916,0.04063689,0.022609636,0.04676209,0.2255013,-0.36636597,0.5745001,0.049124587,-0.11551544,0.07518414,0.11319592,0.44483203,0.16260028,0.06456589,0.3825431,0.0027489157,0.028742205,0.11017759,-0.10612072,-0.24468961,0.01730783,-0.06619868,0.38229573,0.07980582,0.001570814,-0.1335867,-0.15837426,0.007040728,-0.1395317,-0.009852856,0.17444825,0.07224963,0.030584875,-0.31237364,-0.31462827,-0.14275283,-0.1171099,-0.14510328,-0.168968,-0.30956218,0.2761625,0.012576759,-0.19677284,-0.048527367,0.020561017,0.023329169,-0.14204526,-0.10082194,-0.06884998,2.3845286,0.08824448,-0.14354053,-0.13587725,0.055126153,-0.011055209,0.6682035,-0.039476592,-0.034709595,0.0014969409,0.15548742,-0.082849964,-0.17187826,-0.17215356,0.008330055,0.036252752,-0.13146971,0.17363855,0.034178093,-0.010976624,-0.21162884,0.25665262,0.07096767,0.2784818,0.08003331,-0.4309254,0.039806787,0.33808452,-0.15187831,-0.14802192,-0.5607888,0.116554014,0.29069662,-0.067650124,0.06014374,-0.027967915,0.56205684,0.1453569,-0.36090067,-0.079521924,-0.5010755,0.06876384,0.05146371,-0.16010225,-0.16830927,0.17811751,-0.06915645,-0.12312915,0.20782752,-0.21325439,0.44278848,0.04066906,-0.07219449,0.009537458,0.16530758,-0.45460126,0.5097754,-0.25961888,-0.259068,0.19051312,-0.05740115,-0.0055626538,0.24394856,0.11692777,-0.054747775,-0.0899581,0.21755502,-0.08033627,-0.045030057,-0.09152405,-0.007618026,-0.064354345,-0.3180958,0.20515063,-0.59858954,0.14080207,0.091872245,0.034309685,-0.00076050154,-0.055409722,-0.07168283,-0.2596896,1.822551,0.050108124,-0.12500846,-0.22108752,-0.3199284,-1.6573607,-0.17546481,-0.008135,-0.10601634,-0.6389302,-0.22134428,-0.22915778,0.018688396,-0.1284408,0.1422995,-0.22317004,-0.066919446,0.13638213,-0.39994106,0.27546662,0.061222285,-0.5115547,-0.10401108,0.6171055,0.05096764,-0.040375322,-0.5161843,-0.037520997,0.07784906,-0.06425521,-0.09644809,0.29744726,0.11996867,-0.30080378,-0.013189901,0.18185507,-0.015472513,-0.10902767,0.05901339,0.055517584,0.1625436,0.051125262,0.03807113,0.13270357,-0.09529643,-0.043245547,0.04862068,0.10500606,-0.020030573,-0.09046203,0.06353841,-0.019708151,-0.29401886,-0.0021270365,0.22667916,-0.038937837,-0.17479986,0.059841327,-0.15118727,0.008321423,-0.01950492,-0.0003526134,0.20640045,0.049938787,-0.17945683,-0.06314632,-0.020962154,-0.030377943,0.124415345,-0.07581179,0.22035503,-0.10127725,0.25916922,0.04196109,0.117250055,-0.42949575,-0.32810915,-2.8132904,7.850393e-05,0.35505486,-0.50711733,0.21097723,0.15310025,-0.18164371,0.041458532,0.22948974,-0.0030854642,0.11804617,0.09865947,-0.68887776,0.18353778,0.030805882,-0.25887752,0.03551527,0.04041253,-0.1051462,-0.20199451,0.13910857,-0.029731229,-0.41112483,-0.05605519,-0.014770396,0.65345544,0.03393185,0.062374055,-0.08526705,0.0022173251,0.0756203,0.022586808,-0.18010016,-0.15254812,-0.010650209,-0.10083619,-0.04442805,0.1713945,-0.18144774,0.20603254,-0.22054231,0.11719779,-0.1113148,0.16714926,-0.08605078,0.188546,-0.42462885,0.10520001,0.07734439,-0.089834034,-0.06845029,-0.18975405,-0.14776981,-0.041894265,0.06441593,0.9706664,-0.103929296,-0.050551206,0.00069991965,-0.06630197,-0.13065076,0.23869103,-0.3535775,0.6063633,0.032052882,-0.024660764,-0.094306916,0.5265461,-0.017135173,0.012146924,0.04713165,0.08848279,-0.010682948,-0.20816277,0.16329369,0.4876987,-0.09124337,-0.031667434,-0.19015902,-0.89803195,-0.47800642,-0.09586085,0.056679048,-0.046805255,-0.14222378,0.023989182,0.06085184,-0.08497866,1.1760021,-0.22397172,2.163298,-0.21861309,0.014891863,-0.7102295,0.103359975,0.039457913,-0.037989527,-0.0004501943,-0.3580404,-0.07393006,0.09048183,-0.15253124,-0.014795512,0.24039066,0.029717773,-0.023555292,0.0026538372,0.019014893,-0.12800133,0.4925266,2.0570736,-0.080172375,0.53007424,-0.13909274,-0.34200978,-0.0885851,0.22758058,0.015809515,0.01475136,0.17633928,-0.21126373,-0.05833539,0.15153366,-0.05081912,-1.2523828,4.7071757e-05,0.0920393,-0.5369729,-0.27331147,0.38469166,0.2789584,0.2986625,0.02985358,0.2657975,0.057590358,-0.1397602,0.19838732,0.19471772,0.11538362,-0.03401216,0.07067543,-0.055674206,0.40562192,-0.02356049,0.013054274,0.3043373,-0.0111521855,-0.19351675,-0.073643334,0.0830424,0.19690754,0.009336382,0.4681931,-0.1084836,-0.015276199,0.017997466,0.114359766,-0.028047413,0.28263536,0.0037208572,0.02474289,0.034975216,-0.17286798,-0.020683357,-0.024440005,0.101414934,0.15435547,0.058430247,0.035505746,0.14943653,0.14323273,-0.21219671,0.4103573,0.2088697,0.072894156,0.0069614425,0.06616531,-0.1324102,0.07948248,0.054548323,0.022432363,0.059236627,0.1563425,-0.21759346,-0.055851087,-0.04383804,0.35100105,0.29206148,0.29609534,-0.2050896,-0.09361841,0.05597559,-0.15915076,0.17379166,-0.28713524,-0.23567605,-0.12404618,-0.15860334,-0.6708999,-0.09295033,0.06022805,-0.4647915,0.8072872,0.30155614,0.017628968,1.1594021,-0.21787089,-0.9012635,0.037097167,0.3494721,0.6182627,0.33432847,0.15141903,0.11537939,0.1569791,0.05980938,-0.07667928,0.11042303,0.24386203,0.20831174,0.060778968,0.07785717,0.04319582,0.30888915,-0.21235898,-0.13953798,0.23050986,0.25736943,-0.066330954,0.21125573,0.076948136,0.05594975,0.5432288,0.76206213,-0.11916583,0.10659186,0.041407105,0.016663192,-2.3955827,-0.07097158,0.6982757,0.0031637326,-0.023291891,-0.11101718,-0.018318433,0.30027255,0.23103492,0.19523165,0.13435288,-0.123190224,-0.1148296,-0.03455794,-0.03172277,0.327868,0.16930151,-0.18860278,-0.108002715,-0.08657508,0.29192713,-0.25013617,-0.19168109,0.19434534,0.008995019,0.014592521,-0.0014138594,-0.10357212,-0.033083588,-0.23840834,-0.37406954,0.25113368,0.033028923,-0.11529337,-0.049237974,-0.0044673607,0.15158749,0.105305105,-0.05440568,-0.14773057,0.16793618,0.12464348,0.018767694,-0.089164495,-0.09691277,0.5368092,0.0375465,0.3300721,-0.009607587,-0.088261224,-0.021679834,0.48331648,-0.102335386,-8.022572,-0.037164286,-0.06638914,-0.26627058,0.08457711,-0.2668699,-0.06096697,-0.08033098,-1.7294217,-0.007019751,0.028619416,-0.23063883,-0.010241285,0.2743253,0.0068135243,0.03232569,-0.00091423094,0.16368335,-0.23491669,-0.16651624,0.21954614,0.21734636,0.08255181,0.26058322,0.5786134,0.27833906,0.016151123,0.023633841,-0.20521232,0.09395458,-0.11170626,-0.66891336,0.06891614,0.068467006,0.3334546,0.16681871,-0.004221119,0.038490828,0.074697256,-0.22206825,-0.042165775,-0.009785157,-0.13017048,0.20341744,-0.0838057,-0.15669838,0.069368616,0.0040321685,-0.1590879,-0.067568146,0.047781855,-0.41770294,0.1758279,0.039181072,0.004659191,0.7158462,0.10407209,0.1913875,-0.088909894,0.2112455,-0.02695278,0.1881851,0.18743144,-0.06705135,-1.9968786,0.3573377,-0.0011490099,0.004249407,0.11891348,0.06395915,-0.11178114,0.017071778,-0.16727468,-0.19526793,-0.029448962,-0.77307284,-0.7343087,0.0410482,-0.08810466,-0.014880173,-0.15225197,0.011631654,0.8587022,-0.08996998,0.031365167,0.0110770315,-0.041671667,-0.055146098,-0.028457142,0.123764254,-0.05815129,-0.4740752,0.081580825,-0.25354418,-0.14053224,-0.123865694,0.1542905,0.13108233,-0.18994653,0.045034975,0.31006294,-0.09269561,-0.056803122,-0.13916396,-0.035148945,0.5189245,-0.16926959,-0.25962973,0.19125146,0.43175748,-0.021995954,0.06887945,-0.20310232,-0.1744507,-0.10410547,-0.360263,0.0690168,-0.13343225,-0.017533032,0.11342961,-0.04458412,0.021840923,-0.007971096,0.00233417,0.3365345,-0.078466415,-0.3553265,-0.2778082,0.10308428,-0.12212825,0.036975753,0.011248082,-0.15155955,0.05737361,0.16809285,0.19209349,0.09053237,0.042874686,-0.072074294,0.14217018,0.67763835,-0.04600376,0.14865813,-0.14179641,-0.040353563,0.33493876,0.032815985,0.046948314,1.3980335,0.057070322,0.0065444056,0.05509577,0.13645728,-0.08889789,-0.37230033,0.11549307,2.1313975,0.23312409,-0.12196165,1.2531456,-0.01881456,0
-0.013611335,0.06278981,0.15028937,0.22122261,0.30970144,0.5018743,0.98816025,0.14503135,-0.23859991,2.4653616,-0.054946635,-0.01667837,-0.43027094,0.04501708,-0.54905975,-0.102514975,0.03388594,-0.10703357,0.009399746,0.020476237,-0.27477542,-0.0059549175,0.24942997,-0.23684895,0.21757925,-0.3064918,0.13428083,0.25737002,0.3557402,-0.00028956681,0.19358589,0.141811,0.04159101,0.00017929822,-0.38277626,0.069056645,0.020284014,-0.09866259,0.05461275,-0.042912498,0.13258392,0.2538584,0.30947006,0.09975999,-0.10456362,-0.23893344,0.0875918,0.030250996,0.23894116,-0.24822631,-0.029383257,-0.4552253,-0.10865755,-0.013441912,0.57689536,-0.13238159,0.060736693,0.34978098,-0.07872405,0.19293168,-0.46052322,-0.21374008,-0.14216834,0.31553167,0.34500897,0.12286532,0.12049801,-0.38274878,0.042493954,-0.075112164,-0.12331052,-0.025364228,0.044872224,-0.14015692,0.027446285,0.05104034,0.2142107,-0.23681754,-0.012705455,-0.026824132,2.1695523,-0.21306802,0.13134655,0.3409659,2.306492,0.22159734,-0.27069637,0.0721988,0.081492156,-0.052971303,0.03315033,-0.05022517,-0.14113596,-0.058137342,0.02468453,0.1206052,0.10306707,-0.024914578,-0.82621473,-0.021254938,-0.12298869,-0.025937818,0.2427131,0.02052814,0.22961381,-0.13505179,-0.07989304,-0.43525195,0.054818485,-0.16570245,-5.1911693,-0.013891444,0.022083294,-0.07534084,0.22767495,0.21195318,0.08900814,0.03148693,0.11873528,-0.5729095,0.20841472,0.11624657,0.020008761,0.00055249315,-0.07791092,-0.09098627,0.10249622,-0.056518458,0.20111673,0.19628087,-0.115722165,-0.011892363,-0.09323926,-0.3227634,0.16390458,-0.20531996,0.08603141,0.21983376,-0.07898064,0.0067972653,0.019593533,0.11904608,-0.00164447,0.038375266,0.41391742,-0.04340797,-0.07104905,-0.028533421,-0.0412734,-0.074486904,-0.6387261,0.055044696,0.06553013,-0.049721457,0.24958612,0.3523926,0.09152768,0.13757806,0.2804737,0.15302901,-0.04936281,0.28473192,0.22277912,0.10694889,0.09394784,0.066684484,0.1138056,0.21238846,0.2538756,-0.088113576,-0.14058772,0.11525999,0.027352963,0.04201116,0.17389238,-0.19198331,-0.5230443,-0.08508693,-0.28414118,0.31486782,-0.2647661,-0.39471644,-0.0677957,0.89804447,-0.51008314,0.6847019,-0.018532116,0.28077075,-0.060072217,-0.17604077,-0.041745227,-0.018765278,0.008351572,-0.09171424,0.114164345,0.17596753,-0.12010195,0.09002125,-0.11731859,0.2461797,0.012516368,-1.3643745,-0.05137395,-0.070266336,0.17240468,-0.33512837,-0.034365468,0.07254188,-0.002699391,-0.2820048,0.13901009,0.059858173,-0.11415562,0.04425463,0.23515844,-0.03371492,0.15615396,-0.08682816,0.0009307555,-0.048739612,0.39971426,0.49726382,0.2956051,0.0008973442,-0.17139032,-0.08276913,0.41312182,0.119660616,0.06313921,0.13793422,-0.4878418,0.06789783,-0.33105808,0.11006125,0.03087427,0.00046800822,0.22686288,0.032635957,-0.30799678,0.046443023,-0.13511519,-0.02117759,0.025488801,0.0026566754,0.026885921,-0.062281616,-0.15762198,-0.21587378,-0.21000342,0.2863124,0.20773853,-0.13902327,-0.23022917,0.09726821,0.068632245,-0.12245987,0.25616843,-1.0842752,-0.023098312,0.30185103,2.1796036,-0.6219488,0.060434535,-0.47472972,0.37458882,0.777968,-0.3759781,-0.18652399,0.16008824,0.32467285,0.24232623,0.05403728,0.093112536,-0.047133863,-0.15448953,0.6093028,0.14239666,-0.20027304,-0.091633886,-0.074474275,-0.16716786,0.098926276,-0.1354854,0.042333934,-0.31685355,0.07850852,0.10314224,-0.19424959,0.10188587,0.33271736,0.028325817,0.11358692,0.12205429,-0.059015274,0.0806877,0.049516954,-0.035188194,0.1807768,-0.076912865,0.027325893,0.20340285,-0.0807926,0.20327029,-0.49559265,0.18641976,0.0082819015,0.07062323,-0.013826475,0.07351151,-0.21538891,0.053016163,0.95550364,-0.012522304,-0.08553006,0.02643649,-0.25185013,-0.088408865,-0.21104045,-0.0046269326,0.35981536,0.040011138,0.14488219,-0.0936432,-0.09457267,0.40547937,0.47843477,-0.046871163,-0.05094943,0.17404759,-0.02624274,0.061604198,0.04394947,-0.080352865,0.15172303,0.55264026,-1.0067537,0.01701693,0.0066693556,-0.020601422,0.012933075,0.123615175,0.039673388,-0.09333588,-0.29045922,-0.11202405,-0.15831608,0.10789157,-0.031730592,-0.17481342,-0.07694175,-0.14274278,0.48674625,0.08775168,0.11345875,0.5479928,0.073009014,-0.06585461,-0.07532276,0.004867334,0.0930877,0.045213338,-0.030694406,0.14849073,1.4433928,0.022479484,0.034353033,0.05587519,0.0063299965,0.16732654,-0.4630072,0.6124209,0.06578145,-0.10903413,0.08026315,0.08211316,0.5398178,0.01793245,0.08806951,0.51613057,0.0024927936,0.047846165,0.1055512,-0.1810056,-0.22901644,0.013042081,-0.091489315,0.44502133,0.077022016,0.0015381092,-0.13017243,-0.19158511,0.078538746,-0.21249023,-0.12726367,0.1586347,0.07517952,-0.001442086,-0.3732233,-0.38933483,-0.1636962,-0.083778694,-0.13851306,-0.21697666,-0.25652,0.3400879,-0.00043796003,-0.29789242,-0.053536233,-0.035656646,0.07320422,-0.11347033,-0.11911447,-0.20137124,2.7191327,0.061506562,-0.22687835,-0.18566528,0.06955587,-0.019974545,0.87342167,0.081627786,-0.0783679,0.024753753,0.1602931,-0.038798943,-0.31955498,-0.19000512,0.038221836,0.13870168,-0.15945801,0.16134548,0.037648506,0.022990964,-0.12331566,0.35538438,0.08379871,0.23150817,0.08557187,-0.017439187,0.08155894,0.42647836,-0.17413667,-0.30841386,-0.55331177,0.101305634,0.35932136,0.06740312,0.0598931,-0.08610957,0.43687618,0.065836616,-0.26722443,-0.02831461,-0.6878412,0.10192979,0.03358963,-0.24733672,-0.13211101,0.2690987,-0.0335486,-0.18229997,0.12274493,-0.10938549,0.34273988,0.02973738,-0.12427258,-0.032617614,0.1669824,-0.53558785,0.51488245,-0.36064246,-0.3002941,0.15831693,-0.052300125,0.04941093,0.29221648,0.23592779,-0.09480164,-0.118028834,0.052204624,-0.024102747,-0.110046,-0.062384754,-0.03866609,-0.03494142,-0.31382653,0.39101094,-0.7530498,0.14039578,-0.0035307556,-0.007360544,-0.0006587527,-0.07070389,0.012146771,-0.30466506,2.0558863,0.027866624,-0.23339024,-0.202299,-0.117055714,-1.6880856,-0.29902864,-0.014506264,-0.020091642,-0.7441255,-0.40632468,-0.28000778,-0.013385259,-0.2509946,0.13241121,-0.2336917,-0.019293815,0.14331819,-0.4400897,0.24207693,0.07566059,-0.5596278,-0.0934174,0.78971267,0.12570265,0.034494407,-0.44547403,-0.042432353,-0.107979,-0.10939713,-0.14058372,0.24488422,0.04534276,-0.24334255,-0.008520022,0.27836806,-0.040249087,-0.029923646,0.121158056,0.040682286,0.2121462,0.07629159,-0.03744551,0.17368928,-0.09003779,-0.035493776,0.07844019,0.09192188,-0.1513117,-0.07766405,0.016455717,-0.02162404,-0.28309435,0.0171233,0.3045581,-0.006485283,-0.113932595,-0.029248409,-0.21203473,-0.016894808,-0.0329,-0.00046088934,0.19833316,0.02468229,0.05971062,-0.06212245,-0.05420487,-0.005274836,0.16953455,-0.05728249,0.19772741,-0.095892295,0.38072756,0.019970773,0.17236511,-0.55902743,-0.48679584,-3.3132188,6.616996e-05,0.5612209,-0.59031546,0.13785908,0.07428241,-0.15335755,0.03584764,0.19222105,-0.04920446,0.16897196,0.16011032,-0.93637884,0.23048663,0.060418505,-0.2263535,0.10036738,-0.011973038,-0.07619947,-0.2832734,0.1563178,-0.012870755,-0.4456308,-0.11096209,0.0069376044,0.71567905,0.07526782,0.13102815,-0.060439512,0.002422714,-0.026262067,0.008630097,0.06956981,-0.15559115,-0.024258092,-0.10438727,-0.057407558,0.18834478,-0.21018726,0.21898064,-0.414631,0.14257589,-0.19992392,0.21702784,-0.11360488,0.074845076,-0.43547964,0.10605483,0.062301643,-0.14474747,-0.10221471,-0.32548457,-0.1808452,-0.023201492,0.037637055,1.1652957,-0.057857364,-0.048753887,-0.04655695,-0.067793734,-0.13034397,0.46559265,-0.37178266,0.49327576,0.036868546,0.06593825,-0.089258865,0.4333112,0.014428094,0.0016742423,0.049776427,0.10723045,-0.08110609,-0.12606397,0.2006944,0.55843043,-0.10931149,-0.10087828,-0.002220638,-0.88780534,-0.4637112,-0.026912972,0.03879499,0.016139288,-0.09321158,0.050642803,0.045616128,-0.16097245,1.2228085,-0.3019275,2.303478,-0.1483417,0.025613882,-0.7032392,0.108928606,-0.034760132,-0.039546862,-0.00041087763,-0.20207524,-0.08766182,0.14583436,-0.10515611,0.056253254,0.15748194,0.058985665,-0.031649485,-0.052364033,0.087352976,-0.1164835,0.6212276,2.1346538,-0.15292153,0.43632287,-0.14463004,-0.2028557,-0.13182777,0.22645152,-0.030951178,-0.20698029,0.1279883,-0.088152684,-0.082813695,0.17531154,-0.046628438,-2.7230039,4.6422556e-05,0.02950666,-0.62088203,-0.28782448,0.53345877,0.22485876,0.28075558,0.05756021,0.35971236,0.036570646,-0.18206567,0.23141989,0.28635907,0.0050425306,-0.030444518,-0.009906597,-0.09420957,0.41986382,-0.005519839,-0.01607034,0.32527465,-0.03615555,-0.048126314,-0.046520278,0.2102088,0.2967524,0.043261,0.37021187,-0.022551432,-0.06549043,-0.020748474,0.100516215,-0.08206917,0.4947645,0.039478898,0.009915922,0.13416032,-0.12190767,0.02850312,-0.054167636,0.080416694,0.1009815,0.08729171,-0.04052768,0.12252567,0.060956284,-0.63714373,0.54129255,0.2641006,0.11656058,0.047849447,0.09733757,-0.147807,0.06656748,-0.01805824,-0.09642404,0.10296168,0.11914611,-0.25923437,-0.050139092,-0.015706569,0.34196293,0.24200389,0.22941731,-0.42577767,-0.15601811,0.09519863,-0.23047014,0.19173601,-0.2999951,-0.2047887,-0.14968699,-0.22100464,-0.95130134,-0.12815794,0.03189054,-0.5600481,1.1388324,0.08660601,0.056022875,1.3160453,-0.3232416,-0.79490304,0.17958304,0.36981294,0.571401,0.3625934,0.30393487,-0.04686615,0.14340587,-0.011807624,-0.015183058,0.043361887,0.13677217,0.20479833,0.12138377,0.072037324,0.07915722,0.4240364,-0.12313183,-0.13995133,0.2045392,0.095492795,-0.045448095,0.25829756,0.13724127,0.026728192,0.49498,0.89303684,-0.07739978,0.22740307,0.04038481,0.018039335,-3.2854707,-0.16422692,0.5608618,-0.13696612,-0.003495989,-0.09635019,-0.12502907,0.31027022,0.277858,0.17116465,0.12544926,-0.06670542,-0.13008614,0.03299209,-0.0037661344,0.2243808,0.121181294,-0.29640353,-0.11247883,-0.06663377,0.31811154,-0.19573252,-0.25892675,0.08448404,-0.019969136,0.0337798,-0.027172297,-0.17185654,0.017108753,-0.2679729,-0.3950265,0.55885094,-0.024748683,-0.06837137,-0.0434936,-0.025986359,0.24813242,0.07060455,-0.004227314,-0.11843563,0.29370487,0.046147123,-0.06542628,-0.09812017,-0.11794,0.66254276,0.08144423,0.37608698,0.002020862,-0.102863245,-0.079065904,0.62053937,-0.14924465,-9.334185,-0.030355476,-0.11229607,-0.3581883,0.041773926,-0.41437355,-0.11661316,-0.101950794,-1.7208586,-0.007124372,0.042532705,-0.36610863,-0.112121984,0.32759896,0.072681606,0.116274424,0.028544873,0.23964293,-0.22940764,-0.20668088,0.37915862,0.19511853,0.20640749,0.45010555,0.35421097,0.22756521,0.03094235,0.011897653,-0.2715718,0.26044887,-0.088068694,-0.51133364,0.09803249,0.04516694,0.38072053,0.10491911,0.07885022,-0.05642982,0.079581335,-0.2562308,-0.0710311,0.039268587,-0.036068313,0.33200267,-0.20714283,-0.18551794,0.09825511,0.084030494,-0.19544193,-0.06167184,0.05951259,-0.3301756,0.18049589,0.06780593,-0.06314695,0.7056966,0.14752918,0.25261322,-0.080501385,0.20469709,-0.011394119,0.3200007,0.17456105,-0.06982319,-2.0244732,0.47891885,0.05217893,-0.039066464,0.12022986,0.048044115,-0.1060674,0.09604828,-0.18402448,-0.2780155,0.0013403408,-0.90340966,-1.0388573,-0.1746963,-0.14278717,-0.016232604,-0.15605809,0.06885129,0.929159,0.0678453,-0.019401066,-0.090203315,0.007406812,-0.081538536,-0.016834803,0.13690722,-0.114693254,-0.5206276,-0.015204079,-0.36942747,-0.08064419,-0.17502913,0.22744788,0.15533613,-0.16207302,-0.03770119,0.29044914,-0.10991984,-0.07191233,-0.1489,-0.038882628,0.45725173,-0.20249817,-0.3372289,0.2763676,0.55284715,-0.011771213,-0.05486904,-0.29674825,-0.26720268,-0.14115661,-0.33123395,-0.009063158,-0.1457043,0.010551535,0.12250807,-0.27000272,0.036320157,-0.04089821,-0.015512977,0.53588533,-0.103997216,-0.43728372,-0.3097899,-0.06930939,-0.07616759,0.0029327497,0.04198742,-0.19659549,0.21404803,0.22715262,0.37960446,0.1209285,0.09963283,0.010417982,0.17036657,0.64318454,-0.070785716,0.03281174,-0.19545962,-0.05008879,0.30261883,0.009891629,0.08235249,1.8445776,0.06353239,-0.028915092,0.18215144,0.13265418,-0.14125031,-0.6044401,0.0366574,2.714634,0.29422942,0.009812087,1.146364,-0.023589503,0
-0.0051883347,0.0025764396,0.21068802,0.22810651,-0.084097624,0.4283455,0.9321383,0.109754905,-0.13699488,2.3545566,-0.03931866,-0.01000791,-0.48266333,0.056584105,-0.5179222,-0.11686607,0.08201184,-0.08669866,0.120567515,0.038048096,-0.13446027,-0.070877045,0.34667334,-0.37295842,0.241505,-0.22490275,0.33748817,0.19510798,0.41796145,-0.04198481,0.09208174,0.13284785,0.064915195,0.05071993,-0.2937098,0.030669557,0.051337007,-0.11548246,0.10628819,-0.030376643,-0.004421152,0.21902215,0.42562056,0.07103886,-0.111274,-0.2668375,0.061945748,-0.07386474,0.19358137,-0.44077656,-0.10388945,-0.5183354,-0.035106167,-0.038826775,0.66824317,-0.1120898,0.08128676,0.064680666,-0.06400048,0.042135566,-0.59506893,-0.1883751,-0.06830563,0.31352106,0.42051962,0.14155431,0.14933322,-0.37887603,0.026033204,-0.08900733,-0.18404274,0.042919025,-0.02993524,-0.022352226,0.12186377,0.043909043,0.19432381,-0.4048798,0.004756203,0.001604259,2.3231509,-0.394989,0.14918146,0.14907017,2.604805,0.15004942,-0.22703363,0.09504935,0.13217174,-0.34248146,0.06559593,-0.028536886,-0.08332956,-0.033345427,0.041169323,0.127763,0.08708055,-0.14524554,-0.8945056,-0.02703822,-0.084556855,-0.029954508,0.26970443,-0.29651845,0.3522182,-0.12735009,-0.15564713,-0.3553891,-0.04339277,-0.15419272,-5.0516148,-0.07978617,0.12494655,-0.07624646,0.3736456,0.24269685,0.10311942,-0.07607798,0.030823894,-0.653337,0.17158781,0.17547219,0.010832947,0.04727138,-0.12819296,-0.034045283,0.02342356,-0.053635508,0.2108244,0.29799545,-0.08499159,0.056620672,-0.11664979,-0.22763984,0.19072402,-0.24281235,0.057368673,0.23294061,-0.11854717,0.026762437,0.03617928,0.06754814,-0.060822356,0.2976393,0.4044189,-0.03947142,0.003503737,-0.116788216,-0.15817447,-0.08066919,-0.6381841,0.13175774,-0.003226298,0.064855956,0.25433406,0.2579999,0.08747977,0.13751437,0.19768189,0.32213566,0.031582743,0.20969693,0.2297003,0.075287186,0.12732273,0.07566491,0.06783768,0.32301116,0.31667882,-0.10072879,-0.11180021,0.10750391,-0.08604488,0.095124304,0.3472557,-0.034238894,-0.56650805,-0.2241375,-0.3730154,0.3495956,-0.014561117,-0.30769736,-0.085507676,0.9289998,-0.3718569,0.6071007,0.0076831644,0.2168831,-0.07353161,-0.030241143,0.008058798,-0.08764117,-0.003264837,-0.009282913,0.12826434,0.1945606,-0.13550326,0.080207795,-0.013077298,0.24431424,0.009603718,-1.3437501,-0.08533239,-0.095703095,0.11257436,-0.30279338,-0.026001804,0.067813024,0.03771428,-0.25580233,0.20080906,0.11559233,-0.0889936,-0.032275937,0.22938617,-0.034305792,0.2323591,-0.080467425,0.0008228284,-0.08370808,0.26607543,0.51758754,0.279542,-0.02609865,-0.1517232,-0.075644866,0.24508038,0.100658804,0.12887546,0.21105075,-0.36010364,0.06874703,-0.28047752,0.09433782,0.044298127,-0.039978337,0.17394641,0.055864614,-0.30162287,0.16290279,-0.30323243,-0.039860107,0.0402044,0.002742242,0.028311707,-0.011811078,-0.03756164,-0.198169,-0.18190579,0.31614727,0.16753331,-0.17067519,-0.32610255,0.24151625,0.029810555,-0.16082582,0.30835322,-1.2925575,-0.043667585,0.27683708,1.9428769,-0.6065649,0.20603229,-0.5855956,0.39133072,0.85486144,-0.533757,-0.10313211,-0.01622229,0.27435607,0.15276745,-0.048176304,0.019084683,-0.04882269,-0.21931142,0.6537232,0.16054255,-0.0066864863,-0.09954886,-0.08051224,-0.08135845,0.07245113,-0.20193577,-0.046441056,-0.29618472,0.13719556,0.18750377,-0.3008621,0.30987713,0.35796106,0.02525694,0.08515661,0.057964657,-0.089976825,0.13573872,0.046024196,-0.10380688,0.091736995,0.03685365,0.15249127,0.22446612,-0.069119684,0.15258333,-0.3859987,0.053670123,0.14883539,-0.07084818,-0.020607278,0.16285962,-0.27341792,0.14601089,1.1003507,0.016767249,0.054164454,0.0109898895,-0.28457654,-0.35671252,-0.39854974,-0.07131345,0.45865607,-0.06320192,0.19858918,-0.07243299,-0.10518749,0.5730877,0.48717904,0.0015654564,-0.11322549,0.28961438,-0.13236131,0.07461984,-0.036914565,-0.14613464,0.16034386,0.48766133,-0.93588555,0.08602923,0.01645426,-0.17156588,-0.117953055,0.13607249,0.05906399,-0.09856456,-0.46246818,-0.11646126,-0.1278249,0.20687401,-0.35901952,-0.10570204,-0.015105134,-0.15110922,0.5322855,0.12022406,0.19866614,0.63193095,-0.009105656,-0.046852157,-0.04402636,-0.011119284,0.1414246,0.014894482,-0.062461574,0.14667104,1.2857484,0.038654998,0.030611612,-0.01103238,-0.031217191,0.17109133,-0.385687,1.0699928,0.083760224,-0.06646325,0.19642471,0.08326369,0.4253444,0.10492316,0.027338052,0.6377213,0.0025581196,-0.0052851597,0.07234708,-0.15152447,-0.29074088,0.14784011,-0.00019868836,0.42226014,0.10459866,0.0014560324,-0.22197014,-0.27838063,0.053460144,-0.30496836,-0.06377509,0.14686152,0.033837214,-0.02378619,-0.36752343,-0.65863985,-0.19826522,-0.048672035,-0.03161031,-0.45358527,-0.31417224,0.33631372,-0.008766569,-0.24406224,-0.044371717,0.13261735,0.04031418,-0.1757292,-0.11379307,-0.1851231,2.6359034,0.042451456,-0.2861045,-0.13346802,0.055817362,-0.084791765,0.7544564,-0.17028339,-0.061025687,0.07465622,0.024578433,-0.06358269,-0.24755177,-0.19305816,0.08465336,0.24448699,-0.15256883,0.15252858,-0.0052708387,-0.0044955797,-0.07436561,0.29494065,0.08940592,0.2160989,0.06538094,-0.042975336,0.019117333,0.30155686,-0.16476354,-0.4083164,-0.45189774,0.13839257,0.17786652,0.055685047,-0.024680644,-0.015102796,0.26867354,-0.007963384,-0.34721285,0.07459235,-0.5566152,0.07912354,-0.041035146,-0.21307725,-0.13958699,0.30450237,0.022848537,-0.30166528,0.21574014,0.053987578,0.36261144,0.05788411,-0.14057668,-0.05504477,0.13585582,-0.53241813,0.4938006,-0.46148673,-0.3964084,0.20164008,-0.10601728,0.07731548,0.35329992,0.17747541,-0.07740125,-0.079903126,0.18317859,-0.20960455,-0.21622953,-0.050592527,0.14433,0.006382093,-0.22311395,0.45573696,-0.6772968,0.14586037,0.012336262,-0.022449577,-0.00060946227,-0.039491743,0.061391037,-0.37509573,1.9820623,-0.026523098,-0.1548008,-0.237221,0.20509285,-1.6604046,-0.30437002,-0.05711789,-0.32571048,-1.1949852,-0.46025985,-0.34483042,-0.024534047,-0.12002887,0.3328446,-0.26571807,-0.108298436,0.1388195,-0.6233451,0.15174828,0.07628894,-0.6935911,-0.11103642,0.8112047,0.13777998,-0.008005973,-0.2987706,-0.041098155,0.14325124,-0.0745278,-0.097257435,0.11634367,0.12874573,-0.4184122,-0.018355198,0.2070747,-0.09477244,-0.0545462,0.15247189,0.12383963,0.13200538,0.05936679,-0.037032217,0.1505471,-0.08582079,0.028001502,0.0035517635,0.14209524,-0.20335424,-0.012264261,0.15328985,0.0016849576,-0.2385422,0.03873606,0.050823763,-0.08489908,-0.11636962,-0.026607327,-0.21884835,0.0032064207,0.06284899,-0.0005876271,0.15819795,0.033079073,0.1933192,-0.37800133,-0.060738314,0.009310819,0.10225334,-0.014179928,0.06393932,-0.021032773,0.44147757,0.03891147,0.24530946,-0.48888892,-0.29997757,-3.568104,7.544911e-05,0.6223706,-0.5082704,0.07814574,0.29020014,0.005186543,0.10470568,0.13825719,-0.088863075,0.13030851,0.2213854,-0.7647821,0.33663404,0.14165989,-0.28383878,0.03447433,-0.13854408,-0.08178273,-0.377525,0.3032654,-0.017872903,-0.38077673,-0.07011185,0.014964215,0.6921319,0.095381185,0.6053138,-0.09604406,0.0022254158,0.0005031228,0.119217366,-0.08504206,-0.08587873,-0.14926663,-0.07755209,0.042860676,0.27166742,-0.27648717,0.18265401,-0.18188012,0.091897584,-0.16781217,0.23058581,-0.122919574,0.089478195,-0.38668755,0.14832851,0.03865408,-0.14664468,-0.1637542,-0.3206296,-0.07391645,-0.011958599,0.06568115,1.5954077,0.03808038,-0.14311206,-0.06642194,-0.13136248,-0.15224959,0.3465656,-0.5878767,0.53705966,-0.06434393,0.11471629,-0.13962297,0.3247545,-0.19287264,0.0539107,-0.017363325,0.13503267,-0.030052997,-0.11250223,0.21562517,0.79969066,-0.07026497,-0.09362236,-0.030147307,-0.9029681,-0.21850078,-0.07166404,-0.008210756,-0.01827001,0.33313653,0.06794588,0.0170541,-0.08305977,1.3321452,-0.2648559,2.316135,-0.012372669,0.05975803,-0.5614639,0.022300798,-0.0066791037,-0.13417882,-0.0003804407,-0.21592341,-0.06035438,0.13264103,-0.12923822,0.26475784,0.12186418,0.026520595,-0.19908392,-0.10495066,-0.044139862,-0.09138456,0.46417725,1.7861087,-0.10168319,0.6866051,-0.098247856,-0.03450097,-0.19902736,0.10467291,-0.019999642,-0.28420737,0.24862465,0.038293153,-0.020447891,0.21686229,-0.11889566,-2.903925,4.2963264e-05,-0.0077933716,-0.7490301,-0.4231274,0.40078676,0.27771926,0.37437698,-0.109291226,0.28909734,0.07650659,-0.21252638,0.1351678,0.32243362,0.014051579,-0.054417484,0.090855196,-0.029584931,0.40214488,-0.009678038,0.045528445,0.42152777,0.12950721,-0.012762966,-0.0768509,0.34955546,0.24471276,0.06996469,0.21629536,0.084823266,0.03788157,-0.047595683,0.14914614,-0.005332757,0.74912083,0.06043959,-0.03311858,0.17170197,0.12026861,0.0033273702,-0.16531044,0.08859809,0.03406935,0.17833437,-0.039150175,0.083434016,0.06680587,-0.7580557,0.43999216,0.33940208,0.09236923,0.034398735,0.0863241,-0.14729643,0.011774078,-0.010028869,-0.10338812,-0.0012328625,0.09921933,-0.2925669,0.15814771,0.29722813,0.34240898,0.26100472,0.30578196,-0.3244885,-0.15874475,0.0717111,-0.29247445,0.20773868,-0.21989696,-0.117694154,-0.14667869,-0.21080059,-1.1710236,-0.1673802,0.011869073,-0.67358345,1.335744,0.3930226,-0.011213221,1.3552614,-0.29700425,-0.8486117,0.38597348,0.2194255,0.590591,0.44381157,0.23125139,0.21689644,0.124533765,-0.042760283,-0.00065337494,0.11551482,0.13950881,0.09645058,0.092640966,0.0804399,0.066796824,0.47497153,-0.0141634345,-0.051661074,0.20543748,0.00097642466,0.043810576,0.2346417,0.09793102,-0.008981472,0.5654292,0.9020691,-0.11370711,0.2702032,0.032202873,-0.043428645,-4.1531253,-0.10139174,0.032636046,-0.14442796,-0.018451612,-0.1390693,-0.057057556,0.3322201,0.31482917,0.1934082,0.11181528,-0.010091145,-0.054613315,-0.04079753,0.056150675,0.16392592,0.10902928,-0.19926395,-0.24589638,-0.06964644,0.3468797,-0.17582375,-0.36102673,0.13568857,0.063243054,-0.008833393,0.08981563,-0.18259092,0.030505612,-0.17584786,-0.4793116,0.38478976,0.033684213,-0.13979544,-0.02944652,-0.057933263,0.38427702,0.108748704,-0.0035573617,-0.14437434,0.2221359,0.022953786,-0.020437503,-0.044257447,-0.11063872,0.49104995,0.030499421,0.38265628,0.047678187,-0.092640534,-0.02890936,0.55665714,-0.094948724,-10.315542,-0.09080883,-0.066157654,-0.38963455,0.14558418,-0.19400674,-0.16089335,-0.13468628,-1.5393121,-0.021284074,0.07232333,-0.35153207,-0.19976962,0.28635588,0.030603511,0.22925995,-0.035878405,0.244029,-0.054605924,-0.15860946,0.2678438,0.31181166,0.1700387,0.47983617,-0.033725023,0.21749452,0.008914731,0.029257203,-0.24772352,0.19854748,-0.16853428,-0.4340361,0.10553073,0.017285354,0.44323346,0.19534822,0.18465587,0.029856415,0.08613934,-0.2959324,-0.013563305,-0.0019796826,-0.09759104,0.20483899,-0.13743564,-0.2337886,0.12385559,0.1436358,-0.1742035,-0.07765792,0.07279471,-0.3491816,0.22345603,0.08447042,-0.18326196,0.6077963,0.09408638,0.3491791,-0.094512396,0.21172625,0.0149801355,0.26530954,0.093849316,-0.0085553685,-2.0396802,0.45372808,0.052294895,-0.040256053,0.095671766,0.06099189,-0.068751514,0.1846176,-0.10222322,-0.34631237,-0.020511148,-1.2773423,-0.8234559,-0.13560882,-0.14720833,0.007992689,-0.18937694,0.058558628,0.91607374,0.013559073,0.09208258,-0.21566287,-0.06278412,0.05510234,-0.042329036,0.22334114,-0.09089802,-0.4969297,0.09229084,-0.2683176,-0.18217474,-0.12448977,0.15654764,0.12970403,-0.3157348,-0.17150888,0.23879558,-0.090149604,0.012069268,-0.23937441,-0.048253313,0.47073704,-0.2834831,-0.3171555,0.13623539,0.51989454,-0.054872826,-0.10523595,-0.28090176,-0.16949639,-0.26642272,-0.3882805,0.085335836,-0.14644195,-0.0069733355,0.23987469,-0.32962108,0.050007794,0.023475092,-0.019750237,0.46548772,-0.10585931,-0.29042602,-0.36318994,-0.19662967,-0.081336424,0.023894038,0.10533247,-0.14373349,0.1185667,0.15890628,0.23973761,0.22562271,0.123118505,-0.05633043,0.17527731,0.608062,-0.06974204,-0.07428831,-0.18575592,-0.108820215,0.27506834,0.12624784,0.030802146,1.7623435,0.15766056,-0.03556304,0.16404586,0.1283828,-0.18093488,-0.50763226,0.026004318,3.377798,0.3594393,0.00069665164,1.3973631,0.0028508324,0
-0.03783361,-0.021216854,0.23276848,0.15422498,-0.28313458,0.20468047,0.80605686,0.124554604,0.05381498,1.9004202,-0.0782397,-0.11596658,-0.315205,0.058668964,0.36236003,-0.031601194,0.10125893,-0.049592294,0.05668766,0.02243742,0.17956677,0.061564773,0.2554105,-0.4837859,0.24380165,-0.097856104,0.5584424,0.10387088,0.5537803,-0.0053821616,0.16917327,0.0051131994,-0.046755902,0.058874104,-0.20697966,0.07951461,0.12840843,-0.06537584,-0.046102107,-0.023690643,0.14275162,0.3375577,0.16230021,0.14885283,-0.03927148,-0.3176706,0.09194876,-0.20918168,0.22940657,-0.5383206,0.05824873,-0.41225135,0.25091514,-0.088297464,0.57267344,-0.13278803,-0.056972973,-0.21460682,0.018533923,-0.18800373,-0.53452945,-0.19546203,-0.18839705,0.41300556,0.47496715,0.18930511,0.00029786676,-0.5610751,-0.27449343,-0.020364976,-0.28025028,0.08559736,-0.01837629,0.03226559,0.12642747,-0.0009996928,0.2005185,-0.3557234,0.111464895,0.25929832,2.560487,-0.29650828,0.09648626,0.33161777,2.7892892,0.17054875,-0.13213146,0.11777709,0.115438536,-0.55216706,0.01759363,0.15678379,0.15357637,-0.034870006,0.044028677,0.11568859,-0.0031437129,-0.24802244,-0.89075285,-0.06366395,-0.05125913,-0.024821986,0.026603643,-0.19692107,0.22458223,-0.08643168,-0.20644337,-0.11179115,-0.12772109,-0.10321911,-4.160029,0.009264216,0.15279052,0.061297394,0.46447632,0.13269033,-0.00023473054,-0.037789967,0.10584153,-0.4740534,-0.027126165,0.13235877,0.038113087,0.017969206,0.0034253146,0.11556853,0.008966133,-0.13003735,0.3447514,0.18855855,-0.006735936,0.046002045,-0.26265463,-0.0018345416,0.1882726,-0.30451512,-0.015424412,0.41168046,-0.15962179,0.00047440082,0.002949939,0.005440127,-0.16607213,0.01754281,0.23119402,-0.17031604,-0.024538707,0.10097893,-0.2051512,-0.051246606,-0.17162895,0.12698136,0.075277686,0.06671942,0.48978734,0.23765968,0.08794494,0.019597605,0.06209621,0.1355919,-0.08255282,0.21840148,0.14415653,0.008660093,0.06614339,0.23607653,-0.04116065,0.35917515,0.4669646,-0.16756792,0.03661773,0.22167572,-0.14004907,0.17517416,-0.5310684,0.0024569668,-0.6270133,-0.028463274,-0.2446345,0.39703187,0.45304522,-0.22823048,-0.09629083,1.0544236,-0.32065475,0.6824553,-0.034838893,0.0913975,-0.05025494,-0.06418377,0.031639583,-0.12062355,0.026471961,0.10250948,0.06473245,0.06453988,-0.20735776,0.08425368,0.14704444,0.2463671,0.04782896,-0.9355705,-0.03586269,-0.08421984,0.24934897,0.0030201487,-0.066865444,-0.067752525,0.1865513,-0.049869772,0.124629945,0.11644024,-0.017655835,-0.09483853,0.013490371,0.039122052,0.32579628,-0.07250722,0.00080386415,-0.07482436,0.24045774,0.4439979,-0.0030642615,-0.13961384,-0.19066662,-0.107777625,0.16642857,0.050329715,0.22777005,0.37214285,-0.06186142,0.092957005,-0.4078414,-0.024283044,-0.06247721,-0.0529903,0.026126727,0.060453456,-0.6979244,0.24513295,-0.34730008,-0.020509694,-0.08230534,0.0031253207,0.04839806,0.01624291,0.021643877,-0.20014271,-0.2865977,0.35572034,0.1560955,-0.092810534,0.10390434,0.16728538,0.18580112,-0.28490725,0.3209764,-0.26436952,0.11073871,0.3020477,1.0857339,-0.22013819,0.9313565,-0.9681108,0.45566848,0.6477983,-0.47779483,-0.059820782,-0.04846262,0.11296049,0.10997248,-0.07780318,-0.021084925,0.013310809,-0.29744676,0.1422066,0.10866097,-0.08492573,-0.10004148,-0.082056604,0.06417462,0.07104859,-0.13186198,-0.1658921,-0.3511439,0.08457684,0.17791513,-0.25100842,0.33829483,0.22209391,0.027577734,0.004771564,-0.04773177,-0.03322698,0.176557,0.066625215,-0.1362887,0.015853927,-0.12286624,0.18653445,0.026641294,-0.23823893,0.092104495,-0.33119768,-0.05364441,0.16708754,-0.11495799,-0.14245865,0.18293567,-0.34093344,0.35366887,0.73170125,0.007629037,-0.008844367,0.074908994,-0.46782082,-0.42103776,-0.25755093,-0.19699965,0.21522424,-0.031384308,0.06457727,-0.056121536,-0.05779422,0.9983292,0.2684105,0.20737436,-0.051453404,0.18925315,-0.20743996,-0.0233446,-0.22069138,-0.05560998,0.08939987,0.41923136,-0.19878983,0.076218635,0.14251265,-0.2457822,-0.24318871,0.047278713,0.023527924,-0.048068956,-0.40936375,-0.18143359,-0.15608773,0.35198203,-0.08459589,-0.17330213,-0.080081254,-0.16760296,0.53232,0.17291811,0.22117469,0.86074203,-0.06820656,-0.06200707,0.117819004,-0.2347346,0.17270981,-0.042972825,-0.026973644,0.08297343,0.087961614,0.02808517,0.023731023,-0.076601624,-0.07274125,0.080745414,-0.96258223,0.34258288,0.011937721,0.05512784,0.15003146,0.12775746,0.7199591,0.29327366,0.05741991,0.55122477,0.0024212415,0.13145769,0.044723034,-0.17448537,-0.18643734,-0.13289168,0.067707226,0.4590982,0.08989552,0.0013185685,-0.2282897,-0.47011775,0.12388259,-0.45201343,-0.06264031,0.12209898,0.10348406,-0.046092868,-0.23428105,-1.0332388,-0.25515288,0.008933311,-0.039989892,-0.40338665,-0.2503153,0.08082405,0.0013238341,-0.12362663,0.009995003,0.11274339,0.0034393445,-0.13673615,-0.15266648,-0.29917333,3.0597217,-0.02518791,-0.19001359,-0.21102431,0.11827264,-0.25356027,0.33390105,-0.55915755,-0.0825886,0.037417814,-0.1057543,0.20247115,0.07593152,-0.046838,0.16751796,0.18671745,0.24271739,0.13083339,-0.05150497,0.026934821,-0.15939838,0.57114816,0.14113225,0.00715816,0.07489254,-1.1980586,0.17629851,0.4164133,-0.166815,-0.66123116,-0.25220886,0.0810831,-0.08553694,-0.10163537,0.21546674,-0.055845283,0.11846435,0.04919034,-0.45789054,0.17603335,-0.11162823,0.03680942,-0.2551061,-0.21271776,-0.1160045,0.5308784,-0.08901355,-0.20617326,0.2915846,-0.020894125,0.26458034,0.091967605,-0.126946,0.13221835,-0.079393186,0.05808091,0.4588205,-0.42180103,-0.17839265,0.15041786,-0.1990525,0.1082126,0.32960418,0.042892516,-0.12190835,-0.12865941,0.26107678,-0.05031444,-0.10120874,-0.07512474,0.2228789,-0.04904245,0.10678208,0.3078079,-0.6029647,0.15031919,0.050934784,-0.053009234,-0.00054842065,0.023440987,-0.10081099,-0.37053758,1.8667009,-0.22963938,-0.46827227,-0.13718428,-0.69203234,-1.4210937,-0.30050296,-0.038057916,-0.41613886,-1.3348861,-0.6288366,-0.1895437,-0.086332195,-0.07073016,0.43013388,-0.5014281,-0.34087718,0.016930696,-0.7176316,0.032671656,0.055503905,-0.8230792,-0.14659272,1.1605341,0.07003051,-0.07381259,0.14681053,-0.046905663,0.145401,0.13305508,-0.1715658,-0.23154294,0.18428245,-0.4122783,-0.010872349,0.10286477,-0.13063599,-0.15702075,0.15152058,0.13549435,0.098027736,0.14759314,-0.028138246,0.055293914,-0.10803737,-0.03488202,-0.09496604,0.3448071,-0.5142106,-0.108062,0.18360928,0.036535893,-0.36417943,0.06723554,-0.189139,-0.06797029,-0.11296825,-0.11295983,-0.14784025,-0.011485096,0.13312156,-0.0008602573,-0.0105837695,0.057890195,0.49251842,-0.6198311,-0.0036484264,0.027395375,-0.017298153,-0.0015706811,-0.27649823,-0.09576566,0.4186551,0.072793715,0.12666278,-0.43427056,-0.22365922,-3.2500987,6.871812e-05,0.323759,-0.4878418,-0.013548803,-0.19592482,0.06921678,0.14187622,0.035469092,0.10702266,0.1529809,0.04991316,0.12064767,0.37361476,0.18838765,-0.39742354,0.15710133,0.15631913,-0.3001988,-0.32511866,0.41287646,-0.049847037,-0.62837684,-0.079295665,0.010363162,0.34242344,0.09331091,1.2509863,-0.10991424,0.002375059,0.08379218,0.059032988,-0.18961424,-0.07293614,-0.22271106,0.05570189,0.120679505,0.26352775,-0.28519952,0.058301367,-0.07275939,0.32024837,-0.09087366,0.32173777,0.0022084499,0.10384566,-0.17127171,0.17685398,0.07042827,-0.08585128,-0.100271195,-0.2214302,0.048922006,-0.073806696,0.10803701,2.4697974,0.04551007,-0.2525544,-7.139612e-05,-0.066890165,-0.14328423,0.2932506,-0.3913073,0.42016953,-0.17867243,-0.00044930726,-0.18398456,0.13461259,-0.09927091,0.008024527,-0.04391294,0.2219024,0.025019877,-0.22411631,0.17948714,0.8551361,-0.07550478,-0.048636436,0.029177554,-0.9627563,0.20252451,-0.15256175,-0.048443034,-0.12901151,1.0251112,-0.11662492,-0.03242299,-0.096031,1.0627307,-0.30844027,2.1241813,0.0013847155,-0.021418083,-0.28479326,-0.06153515,0.00588046,-0.255149,-0.00037123606,-0.23766668,0.031941205,0.037774976,-0.14199884,0.41697806,0.09890799,0.14689995,-0.44846004,-0.121430986,-0.031125717,-0.012872133,0.21508501,1.1089939,-0.04367912,0.5469891,-0.15885952,0.26216674,-0.013091475,0.39748415,-0.008484155,-0.05829268,0.23815057,0.2826329,0.1858285,0.17590708,-0.10423516,-2.23378,3.4097095e-05,0.13924502,-0.5952918,-0.27021185,0.29571614,0.2936173,0.48582435,-0.20358357,0.06672437,0.16256848,-0.21102571,-0.042081546,0.22762224,0.01009313,-0.20356987,0.05655261,0.13896608,0.35186955,0.029906325,0.056678392,0.3884134,0.35985082,0.20687734,-0.052949794,0.42495126,0.1476249,0.039785985,0.5408645,0.09118484,-0.045405947,-0.06919117,0.120947726,-0.049265575,0.9108182,0.08194964,-0.02125867,0.13052647,0.8023565,0.024136439,-0.16820991,0.07149317,0.020138465,0.29667532,0.030436749,0.112434,-0.28008333,-0.69279647,0.19738244,0.37323257,0.043046154,0.056455586,0.012982074,-0.12990612,0.0032808706,-0.025099814,-0.17974296,0.019892603,0.0548376,-0.16895157,0.13641441,0.37198746,0.10488397,0.034903917,0.38537753,-0.36642012,-0.3058015,0.035401598,-0.23748004,0.12326883,0.26701957,-0.025009293,0.011675388,-0.041903317,-1.4910743,0.048268687,-0.02858746,-0.40457734,0.836135,0.3087011,0.11224202,1.1565955,-0.07231081,-1.0935401,0.5837054,0.07109585,0.65079737,0.2912055,0.10644941,0.46502993,0.016430177,0.05382777,0.0034540351,0.020910714,0.12442422,0.17210668,0.0322593,0.12357718,-0.14399314,0.4266674,0.106963485,0.026896777,0.354239,-0.26598114,0.035992116,0.14853364,0.16934642,0.031968247,0.6356197,0.7377272,-0.12148551,0.45883378,0.030933518,-0.2389102,-4.5386987,-0.07793246,0.1315701,-0.14318015,-0.063813195,-0.20428544,-0.0944785,0.2574054,0.16437615,0.15275909,0.17640279,0.11303305,-0.18071075,0.054686897,0.023638617,0.16084829,0.019829124,-0.025821885,-0.18638368,-0.13716935,0.28555718,-0.16039184,-0.34374154,0.13208036,0.1563193,0.004269168,0.08306664,0.014215019,0.13084054,-0.53163326,-0.47235218,0.49900013,0.11179933,-0.16098452,-0.10477751,-0.23081109,0.2901225,0.123230755,-0.019277334,-0.06717326,0.22341841,0.009891562,0.07722479,0.07848495,-0.25211465,0.39534453,-0.028750211,0.43288785,-0.04629753,-0.12820524,0.064169794,0.34166515,-0.20019153,-8.548542,0.0017181188,-0.044383787,-0.42248937,0.096290424,-0.08206007,-0.13257688,-0.14828634,-0.703636,-0.022174098,0.005745724,-0.33894762,-0.70107937,0.28750223,-0.07520005,0.30249095,-0.0075101554,0.32988763,-0.13619637,0.11306388,0.17670791,0.38475657,0.13917632,0.44639075,-0.49052557,0.3391097,0.106611855,0.0914318,-0.15497483,0.3737353,-0.11726486,-0.59400827,0.00029649725,0.031945623,0.33093527,0.21624446,0.12952484,0.24134736,0.04469333,-0.2936182,0.04864461,0.0009320043,0.12203173,0.24618876,-0.063903816,-0.15763348,0.17858544,0.2631745,-0.06256291,-0.10937298,0.029481808,-0.4239641,0.2742386,0.1245248,-0.25815284,0.6944212,0.10756394,0.3700354,0.021843296,0.23005074,0.015977632,0.26493487,0.0003189752,-0.02536315,-2.0468197,0.29537356,-0.020703435,0.017520148,0.13613155,0.06668041,-0.013681114,0.28372598,0.023676064,-0.27642104,0.039796643,-0.64236844,-0.5913329,-0.22213069,-0.36510155,0.012604809,-0.045941845,0.3183367,0.8985393,-0.15351385,-0.026822396,-0.074636355,-0.12633538,-0.053443596,-0.020844579,-0.016925797,0.05085163,-0.4724456,0.14698964,-0.066757105,-0.23541021,-0.39599746,0.045040607,-0.046037547,-0.41730148,-0.5286577,0.093490675,-0.030953895,0.14314048,-0.39041066,-0.028255641,0.46658897,-0.37342238,-0.24215877,0.085269645,0.29860437,-0.03215611,-0.2032365,-0.3032319,-0.14098579,-0.45029625,-0.40388286,0.14069717,-0.11621967,0.014204662,0.3929347,0.06821407,0.010684578,0.11395714,-0.06395407,0.2809891,-0.05812564,-0.091381736,-0.26994222,-0.2586966,-0.0164209,0.06701262,0.10356562,-0.061368987,0.07660165,0.2181887,0.13822824,0.22565538,0.08309153,-0.03799491,0.11570659,0.70577693,0.0038258834,-0.14793044,-0.135602,0.03163392,0.22892393,0.039772876,0.027682647,1.6847749,0.27482852,-0.00015683472,0.1051801,0.120656915,-0.09213868,0.28200138,0.07650317,3.6520185,0.2157606,0.026838958,1.3534683,-0.010289082,1
0.008864075,0.030071199,0.20381038,0.23619202,0.2593603,0.34615064,0.963327,0.15950298,-0.13124569,2.15228,-0.013086222,-0.022538632,-0.42243665,0.06793888,-0.39121005,-0.08479737,0.09081806,-0.056826092,-0.1207967,0.024221346,-0.42379245,-0.10020037,0.36574998,-0.17508979,0.14251438,-0.22467749,0.24625397,0.15797201,0.30724162,0.027632192,0.24042073,0.12655288,-0.043934673,0.022595748,-0.3610607,-0.03668677,0.07153715,-0.10409777,0.0037238225,-0.037470825,0.01369581,0.3447271,0.38254344,0.12490675,0.000508219,-0.1135052,0.016094025,-0.10835222,0.19768846,-0.32271463,0.0021866485,-0.38799357,-0.016847868,-0.029977677,0.4509948,-0.10385929,0.017583312,0.20344709,-0.04533407,0.031775184,-0.36275303,-0.17771792,-0.032247327,0.2981377,0.26336575,0.14004055,0.16360965,-0.29377282,-0.039874922,-0.074864894,-0.08774132,0.019412033,-0.064010024,-0.05142513,0.033615407,0.035864897,0.21189182,-0.20263596,-0.00012249872,0.028640345,1.8716308,-0.292098,0.08542028,0.21074422,2.5236166,0.2064041,-0.20528534,0.06528588,0.06750368,-0.005558923,0.06718963,0.038155764,-0.15448336,-0.056290947,-0.001859758,0.097654074,0.20815817,-0.12561621,-0.66966885,-0.113201715,-0.03239935,-0.047393322,0.23223704,-0.2304286,0.3327234,0.048672855,-0.19500184,-0.21563186,-0.013901213,-0.13515317,-4.92667,-0.02299954,0.096496895,0.0013006479,0.24903566,0.15933388,0.07975798,-0.04056361,0.050669823,-0.43654227,0.19653097,0.17209187,0.0011694878,0.08833885,-0.18567294,-0.061907627,0.012314089,-0.0524169,0.14045723,0.32596666,-0.1520589,-0.08092916,-0.08520594,-0.29833114,0.16818886,-0.19434427,0.022800898,0.35761726,-0.14797327,-0.060585983,0.00063324615,0.100606285,-0.025404777,0.10217354,0.40378463,-0.016640238,0.044780035,0.04530834,-0.079950735,-0.014621422,-0.5706912,0.046152044,0.025152717,0.014980666,0.13031863,0.16137072,0.09276852,0.11797443,0.14749324,0.16442125,0.068015486,0.28212714,0.13112473,0.09173702,0.0710779,0.12734309,0.14095546,0.25647718,0.16957812,-0.065470144,-0.0027616546,0.10012981,0.049451638,0.090005174,0.13831542,-0.09921219,-0.5558186,-0.18835065,-0.3528034,0.31103903,0.050881207,-0.34542108,-0.14756802,0.5902024,-0.43650225,0.4619703,-0.064238384,0.22906709,-0.05047121,-0.13724512,-0.01704498,0.04827343,-0.0075251423,-0.07844566,0.06232131,0.19190511,-0.11416016,0.086613186,0.061090454,0.2515779,0.014172008,-1.2395885,-0.058778375,-0.064375594,0.04862556,-0.12763233,0.03403254,0.08768882,0.017428093,-0.16497177,0.065087706,0.09121938,-0.04815557,-0.12334573,0.28508732,-0.00073624775,0.23288612,-0.042980134,0.0009122274,-0.06553345,0.31263846,0.38834193,0.2412061,-0.0411302,-0.10908261,-0.00067663565,0.43949836,0.13012294,0.20756945,0.16897428,-0.31979388,0.07882267,-0.27632588,-0.004143577,0.05763126,-0.12906666,0.14701484,0.08468777,-0.31033203,0.08749772,-0.17589462,-0.006842229,0.043706622,0.0021536504,-0.0017488897,-0.020362362,-0.01989016,-0.105032235,-0.18852259,0.25124413,0.18384245,-0.16385423,-0.25996947,0.23880406,0.0677219,-0.121119514,0.30826354,-1.0621752,-0.019926663,0.25753206,1.7033727,-0.3645295,0.082872406,-0.7076402,0.40025496,0.5093582,-0.2894854,-0.13388644,-0.01059147,0.1754078,0.24889548,-0.0030412516,0.18176731,-0.014541466,-0.14095712,0.5348779,0.12958406,0.09703004,-0.10052365,-0.020133995,0.08004644,0.08850708,-0.13735159,-0.027786583,-0.2358711,0.09860503,-0.0010963529,-0.17615443,0.2946236,0.27840576,0.03156991,0.13052356,0.0871221,-0.118660375,0.048851334,0.024934262,-0.10733055,0.061921045,-0.13348502,0.01895682,0.0811367,-0.052674584,0.27823633,-0.36174038,0.05231165,0.07312181,0.0009377599,-0.028742678,0.13415255,-0.24432507,0.16118424,0.75902796,-0.052313127,0.13985868,0.030527921,-0.21552597,-0.2938694,-0.40720364,-0.015360819,0.06881757,-0.060360666,0.13265052,-0.03093373,-0.03888787,0.5835271,0.3755531,-0.035211854,-0.13394399,0.31782064,-0.14351687,-0.037338533,0.0985637,-0.1438514,0.17148374,0.42443112,-0.9774627,0.061381534,0.00942238,-0.15071803,-0.02275443,0.09774737,0.02276053,-0.06071356,-0.29163295,-0.12223728,-0.10452059,0.17550044,-0.07152645,-0.09929991,0.04382997,-0.19420941,0.35096934,0.0106334835,0.087587416,0.41783196,0.061686274,-0.04306257,-0.039801627,0.008857265,0.074775755,0.035961263,-0.07697223,0.11997567,1.054571,0.017694376,0.031144347,0.023724437,-0.011895653,0.1369045,-0.21300036,0.84902596,0.07003373,-0.08165682,0.22156397,0.0765847,0.45965663,0.1832247,0.036336098,0.5122399,0.0025969513,-0.08726938,0.09691124,-0.12400718,-0.23870435,0.0050457567,0.021560468,0.46367872,0.14479104,0.0016428515,-0.13865967,-0.25248194,0.11570653,-0.2350612,0.0035774708,0.15583798,0.06909116,0.009624984,-0.37006554,-0.41763306,-0.16747074,-0.13718697,-0.020496905,-0.3587019,-0.33437943,0.3045076,0.004885588,-0.35291535,-0.21187942,0.17690814,0.018450059,-0.23603095,-0.1542825,-0.3040383,2.4357142,0.047942907,-0.22477674,-0.19437322,0.04218584,-0.05564104,0.7536274,-0.25853556,-0.0636655,0.0014239103,0.06525938,-0.04221417,-0.22040409,-0.14090163,0.05896371,0.21161719,-0.1750737,0.1317579,0.014965333,-0.052696608,-0.074639514,0.25471118,0.08285516,0.07436955,0.060061008,-0.19988436,-0.050672688,0.39680496,-0.12273487,-0.32290018,-0.31149787,0.12526974,0.37232462,0.09883481,-0.081986636,0.021050181,0.29307127,0.100739464,-0.31058633,-0.030345231,-0.554007,0.027604999,-0.09205139,-0.18036073,-0.103566,0.19840166,0.07346761,-0.22728698,0.22195671,-0.07500203,0.27160174,0.11828279,-0.09748486,0.014111415,0.18939051,-0.4799919,0.39109874,-0.40316018,-0.3507172,0.22189504,-0.011435345,0.024381865,0.29693574,0.1515686,-0.0065498203,-0.13031486,-0.05318876,-0.067596965,-0.24817546,-0.03240761,0.07530898,0.031187303,-0.1642154,0.44629663,-0.56790066,0.17140578,0.08111932,-0.0071386136,-0.00070505583,0.07519813,0.0047606565,-0.31628475,1.7272189,0.105622426,-0.08678672,-0.22101666,-0.15880752,-1.4252785,-0.2603445,-0.05888673,-0.17469637,-0.85348624,-0.18079355,-0.23425254,-0.009762354,-0.23547994,0.21837202,-0.27768305,-0.07963189,0.11340333,-0.5746054,0.1675632,0.042246103,-0.5222789,-0.052441567,0.6817119,0.024147578,-0.060633123,-0.5392474,-0.01984734,-0.1508334,0.002905175,-0.055623997,0.23509629,0.12967843,-0.3387072,-0.017553266,0.14780435,-0.041284267,-0.009920787,0.11416327,0.16425218,0.19388898,0.06636177,0.023054734,0.1117558,-0.08080827,-0.013464775,0.0038259649,0.14630948,0.050815783,-0.2069656,0.06372423,-0.019687083,-0.30004707,-0.017877351,0.09884985,-0.033834383,-0.11403549,0.024298057,-0.22063717,0.006354265,0.005407367,-0.000639689,0.13956834,0.017483983,0.18973064,-0.24494821,-0.026351253,0.024649687,-0.0013988991,0.05037672,0.119161196,-0.027824754,0.35936028,0.027140353,0.22462615,-0.41689247,-0.2600942,-2.8852992,9.2905655e-05,0.14657377,-0.5999632,0.08221271,0.23281726,-0.10394356,0.028602608,0.12394114,-0.064865775,0.16202252,0.19825952,-0.47411025,0.2166677,0.09511141,-0.21420397,-0.016913239,0.0057083927,-0.123648725,-0.23122494,0.28672725,0.018113745,-0.40805596,-0.009447217,0.013759129,0.5037384,0.08126572,0.24898238,-0.057709713,0.0022740874,0.16180816,0.14991827,-0.26151386,-0.07837545,-0.048445575,-0.07201045,0.031839002,0.19040105,-0.25695318,0.17108166,-0.07063866,0.012539188,-0.20684773,0.22036026,-0.068597525,0.03423533,-0.33172166,0.07900034,0.05338586,-0.078927994,-0.120609,-0.17714739,-0.114538416,-0.104924574,0.055429734,1.1369056,-0.006244179,-0.11102529,-0.026489597,-0.07615881,-0.09211449,0.28747037,-0.36377582,0.41014016,0.022478918,0.11440552,-0.29699266,0.30460703,-0.04547423,0.04080124,0.035984457,0.09826791,-0.078543134,-0.12348291,0.1825752,0.54831696,-0.121559426,-0.08551954,-0.11173265,-0.905329,-0.33904836,-0.054752067,-0.022353202,0.018257327,0.1715597,0.12716869,-0.00052347034,-0.11415592,1.2631643,-0.30228418,2.0222406,-0.18515816,0.052355338,-0.71486115,0.05923357,-0.050614487,-0.035433978,-0.00042256882,-0.33918688,-0.06959035,0.045287672,-0.14774564,0.13658835,0.14972909,0.08165839,-0.061651208,-0.055299938,-0.059021894,-0.091251954,0.41879463,1.9000679,-0.024923028,0.5848304,-0.032181803,-0.05977398,-0.15501794,0.17538597,-0.05338868,-0.16715015,0.20290108,0.037777692,0.06595011,0.13378459,-0.15846741,-1.9159828,5.37174e-05,0.12145001,-0.44857585,-0.4263058,0.32311514,0.22808836,0.37904188,0.022995327,0.29341817,-0.012056234,-0.109467044,0.1452266,0.25239515,0.123635754,0.03757851,0.077512614,0.012833092,0.41199154,-0.030856105,0.049271274,0.3731381,-0.03727457,-0.046488605,-0.060248654,0.22091353,0.17340997,-0.036234856,0.36238888,0.13429295,-0.07286315,-0.00092332065,0.11115913,-0.094836704,0.62263393,0.1546423,-0.0035850739,0.027227093,0.16271624,0.02605814,-0.08898319,0.11225064,0.10666185,0.03475359,0.07277569,0.1406831,0.097981974,-0.5781909,0.44185865,0.18689048,0.06252876,0.04570798,0.12467843,-0.12779672,0.023826374,0.01983513,-0.12825495,-0.03597764,0.07542983,-0.21748857,0.11763009,0.28911883,0.36468604,0.45461458,0.19092137,-0.26305014,-0.19164102,0.0585911,-0.22134043,0.18739587,-0.1673255,-0.100711934,-0.061698645,-0.082291454,-0.86643463,-0.0038575716,0.013280988,-0.47951096,0.8438556,0.34946924,-0.010644146,1.1212566,-0.20818925,-0.9043747,0.23289783,0.26358038,0.4592864,0.32850945,0.42441005,0.24922103,0.10324923,0.121749446,-0.06253528,0.08652877,0.15977809,0.13067275,0.104357824,0.0495437,0.097749144,0.1573441,-0.043472163,-0.09388293,0.20512766,-0.01807027,0.00063396245,0.25864643,0.03273427,0.011664726,0.52306956,0.69517756,-0.101648375,0.20380494,0.038683686,0.024094786,-2.839302,-0.061432354,1.5717254,-0.07157601,-0.074030004,-0.06762323,-0.16691022,0.20269156,0.2082607,0.2923941,0.074649274,-0.06502877,0.039278004,0.034036737,0.031091213,0.33504295,0.10734071,-0.10236805,-0.13558057,-0.008845491,0.3057712,-0.15998775,-0.2344723,0.11499274,-0.061569132,-0.04936963,0.08170462,-0.114539355,-0.013182677,-0.21580335,-0.50677043,0.07140882,0.03991554,-0.11293319,-0.07342713,-0.030423798,0.18583982,0.067747235,-0.031983025,-0.17762816,0.19614863,0.08380334,0.0026840908,-0.13682248,-0.0905911,0.4701458,-0.07933052,0.3920213,0.041372433,-0.12168892,0.08045247,0.5490077,-0.0485631,-8.547473,-0.013852641,-0.11359217,-0.34805125,0.06434572,-0.21002027,-0.14573151,-0.067337096,-1.1953788,-0.017530859,0.0034962036,-0.23454027,-0.073316425,0.22986138,0.092377365,0.21666455,0.10516713,0.1896933,-0.13465625,-0.19909756,0.32265732,0.13624021,0.13439995,0.34761027,0.2156395,0.20726891,0.004488915,0.00077595003,-0.19839627,0.22377552,-0.10763906,-0.4816016,0.25642753,0.028913856,0.3345521,0.16279165,0.0077304244,0.034417845,0.10978412,-0.24548595,0.05159076,-0.021740813,-0.058063716,0.22804253,-0.11465481,-0.18136911,0.11771287,0.10720558,-0.144393,-0.11742999,0.05838814,-0.32398203,0.20788606,0.10236342,-0.17051713,0.64071673,-0.018785916,0.20505044,-0.11391214,0.22095972,-0.0014560614,0.34572527,0.17479831,-0.009146489,-2.0105963,0.30851853,-0.042958017,-0.044410225,0.062508896,0.05489018,-0.08057627,0.10043003,-0.11949882,-0.21778426,0.1092905,-0.7449605,-0.6136451,-0.0769002,-0.14875695,-0.008050907,-0.06923705,0.11639946,0.8802289,0.029423043,0.069235206,-0.12220655,-0.09213211,0.039093874,-0.044521183,0.14149404,-0.07666208,-0.46506697,0.06545662,-0.23990022,-0.17026727,-0.16541004,0.1594961,0.034623995,0.015368283,0.11726661,0.28018686,-0.101683676,0.07810122,-0.17203793,-0.03910825,0.4616865,-0.19853929,-0.24774742,0.1497431,0.41654256,-0.0628402,-0.0054496527,-0.2216259,-0.18938808,-0.17555511,-0.33493224,0.10453624,-0.14923441,-0.05432234,0.18148574,-0.37555707,0.015190329,0.030374147,-0.14426959,0.4939645,-0.1150073,-0.3802822,-0.23372008,-0.08600212,-0.08432193,0.0654421,-0.01343108,-0.13253379,0.10196873,0.047346625,0.11661313,0.19567664,0.05972874,-0.03614526,0.17656341,0.5329625,-0.089030445,0.039955355,-0.18982688,-0.055239074,0.19452427,0.08860141,-0.101676494,1.4957092,0.11493012,-0.023215339,0.24544266,0.16079828,-0.10963231,-0.47667378,0.048430525,2.487278,0.25911558,0.02171138,1.3357184,0.007719854,1
-0.03905857,0.0062588155,0.19713342,0.17268166,-0.17109096,0.21161288,1.0994146,0.08248435,-0.023213407,2.056789,-0.066076145,-0.085929886,-0.49196193,0.016255837,-0.4932334,-0.08602093,0.111134425,-0.06281538,0.120593585,0.04182348,-0.045086388,0.054500937,0.25883335,-0.5784347,0.16823672,-0.20681973,0.3820548,0.12098674,0.4252736,-0.018438812,0.25556126,-0.013350487,-0.120669216,0.04168351,-0.2656366,-0.039422266,0.05657468,-0.043721713,0.027136225,-0.054305106,-0.09791495,0.47170234,0.22689101,0.16736087,0.018229246,-0.256684,0.11620018,-0.12680507,0.04422081,-0.6221092,-0.041867025,-0.34853083,0.12904935,-0.06683682,0.40419742,-0.13292801,-0.042313784,0.033862203,-0.032428417,-0.10465037,-0.36203575,-0.17503902,-0.17291209,0.3421047,0.36069706,0.18015744,0.118338585,-0.5047571,-0.21461754,-0.05282727,-0.17850128,-0.013020255,-0.2629718,0.04732439,0.03490968,-0.021694068,0.12647337,-0.28594077,0.005349716,-0.13556917,2.3171678,-0.31831527,0.10114708,0.16931811,2.3497264,0.26832914,-0.09826927,0.108202346,0.050939668,-0.31839356,0.044511907,-0.015038922,0.17848608,-0.025295092,0.02852602,0.1324881,0.081189945,-0.14872672,-0.7970778,-0.08995482,-0.0564192,-0.032623436,0.059811037,-0.1873924,0.18668607,0.035873532,-0.1483469,-0.24279165,-0.056867354,-0.1353051,-4.7835393,-0.027447417,0.13782755,0.055667706,0.31337732,0.15547879,0.057708316,-0.08104742,0.12206943,-0.3834117,-0.045899868,0.13610056,0.020484252,0.043552604,-0.07823288,0.0428715,-0.013403147,-0.07556524,0.24509257,0.25081012,-0.03301719,0.034865588,-0.1651125,-0.16555153,0.16996284,-0.17248364,-0.03320741,0.31845993,-0.14891589,-0.018920602,0.014200756,0.057516202,-0.13348518,-0.0676923,0.27561793,-0.07769174,0.06627181,0.01795362,-0.10277804,-0.003786482,-0.5642605,0.089165434,0.056035373,0.016455568,0.4036401,0.1507137,0.09998018,0.07289418,0.05983132,0.43633547,-0.04794087,0.22994864,0.13791193,-0.009474665,0.022443995,0.15014884,0.09861169,0.11568043,0.41906598,-0.11265604,-0.009981275,0.21045145,-0.051030237,0.13990507,-0.20386887,-0.11286064,-0.61996704,-0.044441357,-0.3369296,0.37281236,0.2906901,-0.3286504,-0.07312691,0.74983996,-0.37239587,0.68713653,-0.013589684,0.13563487,-0.044672802,-0.067870826,0.012348745,-0.054419734,-0.0037707798,0.11381545,0.20724376,0.121737465,-0.22787157,0.0890781,0.02471856,0.24901743,0.029724494,-1.2348008,-0.06348474,-0.078050956,0.20265988,-0.054006964,-0.11566614,-0.00046554208,0.09099566,-0.1269634,0.09579064,0.1150354,0.0063393265,-0.11929867,0.2026222,0.0046589132,0.10674833,-0.06921925,0.00088643405,-0.06131378,0.3069911,0.4696817,0.11747037,-0.08513896,-0.19536474,-0.057914667,0.102379054,0.09620284,0.22681841,0.2964648,-0.2720986,0.09677582,-0.23359083,0.028133482,-0.044086084,-0.07597437,0.15970173,0.08026424,-0.34997544,0.20248136,-0.35981995,0.03721378,-0.019823235,0.0024436982,0.04465892,0.05909331,0.061539117,0.009170555,-0.18258205,0.3334562,0.1288209,-0.10201828,-0.1753538,0.12938675,0.1398083,-0.28003538,0.37541777,-1.4098532,0.11698848,0.3404308,1.8462932,-0.35715497,0.32322416,-0.60237086,0.42917213,0.69117594,-0.3910919,-0.09988724,-0.036734644,0.14762476,0.12640406,0.042341482,-0.05513654,0.02612394,-0.25545537,0.5169215,0.1039582,-0.12757128,-0.07845285,-0.12118061,-0.02104126,0.09510355,0.0043491237,-0.052755717,-0.32374704,0.0452652,0.14937808,-0.14581794,0.28541213,0.23679845,0.027723111,0.0114550395,-0.028402723,-0.06753346,0.19937174,0.08332422,-0.10058023,-0.06532596,-0.26754937,0.110001,0.06518674,-0.21068221,0.06716263,-0.40601277,0.051642314,0.1865764,0.030900955,-0.067684636,0.19185159,-0.3158419,0.29927328,1.1416124,-0.01569213,-0.08924126,0.023500802,-0.4033381,-0.3831175,-0.18645498,-0.12667178,0.13651308,-0.016382731,0.09265578,-0.0580833,-0.1407001,0.8083128,0.27710402,0.06360626,-0.07184721,0.20542917,-0.24137989,0.014769401,-0.054925002,-0.010192633,0.13923052,0.3118273,-0.95217097,0.090917096,0.0411938,-0.16123176,-0.13850656,0.061681315,0.03467327,-0.011246227,-0.38894862,-0.14317575,-0.12173985,0.42055482,-0.26084465,-0.17478974,-0.029805075,-0.17650601,0.42910212,0.09260038,0.2435638,0.7137866,-0.0071282834,-0.004277546,-0.013309523,-0.17319322,0.15316175,-0.00675999,-0.07060825,0.10188952,1.0954498,0.0033155754,0.0097774975,-0.025345005,-0.056152023,0.08653909,-1.0372784,0.25727344,0.067748085,0.050107382,0.10249235,0.13961864,0.4098131,0.33623135,0.11579041,0.6552714,0.0024577612,0.033812292,0.0031367503,-0.17455745,-0.15719213,0.06889285,0.0586851,0.4657902,0.13455713,0.0014768555,-0.21662392,-0.33822343,0.11794096,-0.27925605,-0.09552955,0.16085662,0.09096967,-0.025920112,-0.2896142,-0.6803254,-0.17642066,-0.025573455,-0.023957022,-0.3396189,-0.24300355,0.25411135,0.0022545494,-0.32459527,-0.10829579,0.1448315,0.04331846,-0.16974312,-0.19253631,-0.20835686,2.8229322,-0.014489602,-0.29097143,-0.16223192,0.12594125,-0.12691826,0.6489905,-0.35544452,-0.07837088,0.05189503,-0.106874526,0.05624894,-0.25882506,-0.02014567,0.16695862,0.21041831,-0.12918736,0.10107575,-0.11089633,-0.032104835,-0.16613673,0.562522,0.117103174,0.06518248,0.06812238,-0.6668929,-0.009241603,0.49766228,-0.14031796,-0.530878,-0.3356864,0.124586135,0.21283706,-0.05036943,0.03863901,0.017424908,0.19492447,0.041349776,-0.4645568,0.1580587,-0.6586034,0.07357125,-0.12748599,-0.29148802,-0.09821114,0.45547366,0.050509788,-0.2521187,0.28827214,0.084229104,0.24358466,0.10748247,-0.12839729,-0.020367324,-0.012967765,-0.3234443,0.6176933,-0.34321034,-0.24843022,0.1326352,-0.26696086,0.063494444,0.28157622,0.2147528,-0.1171446,-0.0797741,0.1797859,0.02545559,-0.101819694,-0.0846397,0.11185607,-0.062376067,0.0689165,0.32856524,-0.61528105,0.15894534,0.1176916,-0.013584907,-0.00060357,0.029092751,-0.03722036,-0.35339507,1.5070695,-0.14199111,-0.42964303,-0.11773493,-0.57035285,-1.5933032,-0.28009307,-0.051187184,-0.37831593,-1.0643829,-0.40806636,-0.24583817,-0.07618734,-0.23574191,0.36810604,-0.32109466,-0.30598646,0.06803231,-0.52468354,-0.0052020084,0.019607008,-0.5561858,-0.116060205,1.1471568,0.036198094,0.01386011,-0.1250771,-0.048015043,-0.427304,-0.019703045,-0.14352338,-0.13382626,0.13070008,-0.32957038,-0.0154574625,0.06863255,-0.11869554,-0.06376615,0.20535856,0.053069577,0.1981999,0.12838809,-0.08958782,0.02240495,-0.119662374,-0.013949884,0.06457494,0.33170736,-0.21029523,-0.03101587,0.14532353,0.010699046,-0.26435325,0.06429964,0.12322019,-0.017595936,-0.12279638,-0.106071286,-0.24248949,0.0059353206,0.0410791,-0.0007860903,0.13411851,0.06188629,0.41573346,-0.037489086,-0.00041107833,0.07672174,0.06254265,-0.0027423566,-0.060387306,-0.013600423,0.31873462,-0.01787501,0.14378925,-0.46602896,-0.2966112,-3.0729215,6.861467e-05,0.45622754,-0.40080848,0.011705883,-0.16607302,-0.07819407,0.0020313114,-0.01177717,0.0732975,0.13595548,0.13426007,-1.0218456,0.21306491,0.12138852,-0.21960372,0.075806625,0.023029003,-0.20752157,-0.34123862,0.29641724,-0.06848483,-0.4871121,-0.12132121,0.03773186,0.4951863,0.08397743,0.94308436,-0.06509707,0.0022616973,0.13132219,0.21825603,0.11567574,-0.13902916,-0.21490788,-0.0049813613,0.16152023,0.24794698,-0.16209984,0.159809,-0.16169238,0.10085599,-0.14427994,0.22079468,-0.031256925,0.12246889,-0.12394999,0.080470935,0.0164152,-0.062347878,-0.1745511,-0.23451185,0.008101242,-0.09818055,0.057875957,1.6631609,0.028970262,-0.19425884,-0.0056843907,-0.03842372,-0.120672785,0.30587763,-0.34751958,0.6711531,-0.01526095,0.08074245,-0.19211675,0.15017064,0.06755099,0.071627736,0.002588585,0.1474849,-0.03405937,-0.19111602,0.16104797,0.65093565,-0.09951309,-0.08546586,0.03536322,-0.9857319,-0.06979303,-0.12528819,-0.073562235,-0.0025944486,0.7065617,-0.08072935,-0.09992607,-0.20378353,1.46454,-0.40002126,2.0425918,-0.067692,0.030532092,-0.5842009,-0.07602945,-0.023369102,-0.09450513,-0.00038275757,-0.33827886,-0.040808994,0.067417815,-0.10765744,0.19608349,0.08501923,0.12892726,-0.2022866,-0.13558935,-0.025503408,-0.063807175,0.4505105,1.4440274,-0.11561456,0.19819878,-0.10209897,0.1559005,-0.12703887,0.20755333,-0.00706432,-0.11455656,0.3319559,0.10461339,0.12802088,0.11119726,-0.13597685,-2.6657758,4.157722e-05,0.09734264,-0.51513535,-0.5430203,0.2573946,0.2575133,0.5035385,-0.23411003,0.18850103,0.104412176,-0.19365212,0.04737582,0.2571287,0.08912405,-0.18101531,0.037786722,0.06681331,0.37196556,0.0109953135,0.0006551109,0.42056987,0.19089706,0.17292964,-0.07428283,0.3882233,0.1379528,0.013087556,0.31008208,0.118502125,0.024714213,0.0010229126,0.114692055,-0.0701036,0.8048357,0.15268488,-0.03180317,0.16243991,-0.02944833,-0.00084347,-0.10811208,0.08490851,0.039076384,0.27892387,0.029334826,0.17738134,-0.16619934,-0.5596925,0.3419505,0.39237493,0.07455213,0.048972685,0.09349176,-0.118506946,-0.002523046,-0.04754673,-0.07085402,0.016805243,0.01946693,-0.23143992,0.113579035,0.43840933,0.23223408,0.37709957,0.25067204,-0.4571884,-0.22586356,0.12678275,-0.2759805,0.16397987,-0.08989111,-0.033827722,0.030563295,-0.011070371,-0.60527474,-0.23404492,0.00939703,-0.4832437,1.160317,-0.010985978,0.06477037,1.2923117,-0.07045546,-1.1120421,0.42037725,0.17014928,0.47854677,0.3091831,-0.0088984445,0.43326253,0.13007554,0.0713941,-0.006615853,0.059505768,0.15764926,0.2105125,0.0076896846,0.1210196,0.0057485867,0.33830404,-0.099892125,-0.025019694,0.30060703,0.031241402,0.049202397,0.15042505,0.16724317,0.05318182,0.5457415,0.9990239,-0.13667871,0.42192888,0.032118626,-0.06545811,-3.5974605,-0.08971707,0.6107208,-0.12965003,-0.014898762,-0.104171164,-0.042160127,0.23643655,0.18337058,0.1655935,0.2296405,0.02582573,-0.0717699,-0.07781167,0.02747899,0.1707777,0.050492987,-0.050135665,-0.15964812,-0.083468646,0.25143486,-0.18451284,-0.3207201,0.14354987,0.04647874,-0.020043276,0.10541216,-0.02215438,0.0079218,-0.36635584,-0.36867,0.40381002,0.046073563,-0.16909042,-0.10376857,-0.1263178,0.32956776,0.041441582,-0.031693153,-0.07129421,0.23244046,0.0019696727,0.08361332,0.03851297,-0.13614461,0.40041873,0.014362812,0.6235358,-0.03065307,-0.09081083,-0.0767795,0.44492045,-0.12760438,-9.871758,0.035266936,-0.07770623,-0.34638572,0.05513996,-0.09048005,-0.16390598,-0.098580405,-1.2941872,-0.02032195,0.040230095,-0.34910193,-0.26375616,0.27298194,0.012848198,0.23305151,-0.035299286,0.27902845,0.032169864,0.008255824,0.2760271,0.39085752,0.22296022,0.48369354,-0.082536995,0.23498796,0.0726214,0.06443942,-0.19303337,0.35431954,-0.13978945,-0.5927928,0.13174129,0.046040766,0.30584782,0.2710013,0.09586795,0.12684251,0.06893572,-0.36178625,0.1303677,-0.0125898495,0.036556933,0.27654284,-0.09009174,-0.10073733,0.19096285,0.13775936,-0.08184211,-0.21132314,0.091091625,-0.34542486,0.24592039,0.10795225,0.054879397,0.61331344,0.06599994,0.33858374,-0.021376804,0.23337233,0.023677785,0.32201186,0.004545618,-0.06701633,-2.0286872,0.30618986,-0.00904126,-0.02726188,0.17135206,0.031046953,-0.008980151,0.19080132,-0.12304753,-0.32816195,0.021905355,-0.8223746,-0.8691285,-0.28354293,-0.26249608,0.000914434,-0.061169595,0.20550686,1.2317197,0.085485876,0.059382305,-0.04553356,-0.062283143,0.02677416,-0.026967434,0.12416609,-0.06698303,-0.4963525,0.06810283,-0.19313505,-0.21035038,-0.22091642,0.15620857,0.07550738,-0.2501698,-0.42518884,0.27726316,-0.05525499,0.11395651,-0.27976033,-0.034962226,0.39854863,-0.36169824,-0.20932554,0.12305112,0.36583304,-0.043251846,-0.1049906,-0.3564208,-0.08155339,-0.27200335,-0.3802951,0.17215523,-0.19514768,-0.0067064846,0.3065568,-0.2677453,0.0214067,0.08365442,-0.054145616,0.48480436,-0.10119389,-0.25730455,-0.2892004,-0.18440017,-0.0122123435,0.06688487,0.04247129,-0.1866288,0.11110058,0.03021849,0.20996325,0.19645238,0.011232139,-0.07070173,0.14853212,0.6178042,-0.022604037,0.05880879,-0.1743168,-0.013610423,0.27762663,0.006729543,0.016542226,1.4726347,0.19767238,-0.011940338,0.35989168,0.124954805,-0.14553557,-0.37760097,0.061752245,3.214434,0.31210443,0.008012801,1.2243913,0.028901445,1
-0.0059189796,0.05340689,0.18170235,0.20421574,0.49319482,0.35229057,1.0139518,0.1768288,-0.14075646,2.167235,-0.024420638,0.004249703,-0.3871992,0.07052892,-0.55887777,-0.06433934,-0.010686027,-0.108859904,-0.118131325,0.026722679,-0.44437075,-0.04052472,0.3732993,-0.108838215,0.1854199,-0.44248724,0.11281303,0.23814847,0.2789222,0.0449199,0.12337138,0.19834912,-0.004884352,-0.0035412125,-0.39820653,-0.020948984,0.013694643,-0.1225721,-0.017019955,-0.057766594,0.19446893,0.32342854,0.36409846,0.07505036,-0.098186225,-0.15502097,0.028673194,-0.077981494,0.26735452,-0.29345113,-0.05131346,-0.42375562,-0.079464555,0.01935628,0.46804705,-0.14194486,0.028536614,0.2687105,-0.09129966,0.27452403,-0.53502095,-0.15693742,-0.07250749,0.28735346,0.29968673,0.07527036,0.114286855,-0.29580003,0.04967977,-0.07687182,-0.05455651,-0.0078479275,-0.017915517,-0.15689364,0.012581311,0.05544462,0.22352575,-0.1960899,-0.027203847,0.03772799,1.9334526,-0.28587586,0.08482483,0.27551055,2.411701,0.15976255,-0.2718765,0.05264189,0.056425467,0.09783115,0.025197461,0.022392035,-0.18482512,-0.055911552,-0.0961896,0.1239201,0.14838758,-0.023041079,-0.73039556,-0.03201043,-0.09528674,-0.003723897,0.32448894,-0.020285148,0.18917562,-0.035716057,-0.03588064,-0.21679965,0.085663006,-0.1190281,-4.532144,0.07569286,0.015168868,-0.075204566,0.16801992,0.15721643,0.04790374,0.020265602,0.05797637,-0.5323548,0.2190181,0.12470164,0.0042858087,0.005122515,-0.16408369,-0.15418473,0.04963024,-0.077390924,0.09592407,0.23686837,-0.13858637,-0.042600207,-0.053667076,-0.1115812,0.14725338,-0.14312795,0.10607781,0.2355313,-0.03984753,0.01563567,0.014747907,0.15516193,0.015583461,-0.08385004,0.24013072,0.003794156,-0.10199394,0.11380457,-0.012933828,0.032442734,-0.49508476,0.03354614,0.07724854,-0.0012500137,0.056602426,0.25567347,0.12807241,0.08877605,0.18110125,-0.011058734,-0.022624992,0.28649032,0.1280648,0.13730828,0.110798605,0.19378957,0.083870605,0.2053156,0.1773244,-0.05791191,-0.13682707,0.056200173,-0.057944193,0.05777078,0.12369901,-0.21468225,-0.48116177,-0.18272519,-0.37865758,0.24836057,-0.20206237,-0.4295243,-0.11151545,0.6641961,-0.49746138,0.22374663,-0.015698202,0.331542,-0.07199246,-0.15482202,-0.01497677,0.05122921,0.017641444,-0.15093775,0.059019696,0.16401993,0.05019454,0.074506626,-0.07399784,0.25550035,0.03969544,-1.3461177,-0.040943876,-0.0471136,0.09391462,-0.33312243,0.09406294,-0.059604257,0.01067862,-0.24346377,0.11023732,0.065590955,-0.083554365,-0.0056950822,0.12589075,-0.0646494,0.21000391,-0.041563906,0.0009389813,-0.073861346,0.37070245,0.39989412,0.41200528,0.009172611,-0.09881911,-0.06470129,0.57196164,0.1453978,0.26162916,0.1291525,-0.31818485,0.03524491,-0.2184003,0.06446358,0.086182304,-0.0076459795,0.1558089,0.08234241,-0.32080525,0.00019203126,-0.059930816,-0.026799582,0.01813336,0.002276484,0.0059104543,0.029086698,-0.1864836,-0.22226425,-0.16557676,0.14147845,0.15152243,-0.15842432,-0.18031323,0.18421516,0.09801684,-0.015983805,0.27315468,-0.9223076,-0.106451206,0.2272335,1.8046075,-0.43752998,-0.08634972,-0.79532164,0.33144265,0.6578977,-0.21563742,-0.06335073,0.093408585,0.21164164,0.34561238,0.015902964,0.18403001,-0.018211082,-0.14417827,0.49198747,0.13904534,0.00542251,-0.07147764,-0.045807812,-0.018803403,0.13232432,-0.225434,-0.10378485,-0.2622255,0.083124995,-0.037424795,-0.16790098,0.22883788,0.19781616,0.028812137,0.15083767,0.11979136,-0.096895725,-0.041866165,0.059026673,-0.08825041,0.26300067,-0.09292249,-0.050417818,0.04455246,-0.0025478713,0.24481931,-0.50566286,0.11806503,0.02381093,-0.045236453,-0.007029325,0.08019784,-0.14412335,0.07932429,0.61723864,-0.0867327,0.05327673,-0.008744441,-0.06756101,-0.18988776,-0.26111287,0.06422314,0.23968464,0.061426837,0.20211938,-0.077084646,0.02978274,0.31132537,0.33636916,-0.1469621,0.014036484,0.31009755,0.010263454,0.059394933,0.02884303,-0.13045695,0.12795962,0.2983558,-1.1292495,-0.03778791,-0.002850823,-0.11115986,0.06809616,0.058841273,0.04512503,-0.06482188,-0.22519965,-0.11782656,-0.17149512,0.13611528,0.17549625,-0.06814635,0.07758721,-0.15535404,0.41961378,0.053318284,0.031943355,0.49496642,0.040559687,-0.02349196,-0.05849141,-0.098399475,0.0036531128,0.0471345,-0.049441118,0.13877574,1.0944766,-0.006185349,0.041006308,0.08441045,-0.0326484,0.22651254,-0.39032263,0.8714634,0.05617093,-0.009754799,0.11268352,0.06454867,0.46720114,-0.20365854,0.040049527,0.5618946,0.0026755144,-0.022407804,0.10064063,-0.13779584,-0.20371202,0.10663001,0.027592514,0.40695268,0.06746288,0.0015920862,-0.08461885,-0.09764159,0.07644895,-0.16190249,0.0357402,0.17207013,0.022722103,-0.01200166,-0.35703796,-0.32798305,-0.24181384,-0.111892015,-0.08280599,-0.26268274,-0.19107512,0.3042653,0.007750947,-0.26736316,0.012355053,-0.08423367,0.04340073,-0.11795382,-0.081932545,-0.2304432,2.3491833,0.06536935,-0.15386316,-0.13710749,0.07881824,0.030276194,0.61858535,-0.122686855,-0.090987235,-0.021247856,0.19500539,-0.02789551,-0.21538013,-0.15684137,-0.023691706,0.103674084,-0.17921647,0.17525554,-0.015846968,-0.009813193,-0.17191195,0.29259238,0.035257272,0.1842885,0.075967856,-0.1104427,0.038208682,0.2546103,-0.13396075,-0.16131906,-0.5216703,0.10456897,0.2369082,0.12912498,-0.041136235,-0.046975076,0.2501794,0.11813934,-0.43420798,-0.052765347,-0.529274,0.0486367,0.09082234,-0.08691734,-0.10578251,0.21365139,-0.08793985,-0.16063441,0.14928713,-0.1991879,0.34372836,0.062689096,-0.03694312,0.06611586,0.2323057,-0.6286126,0.5595145,-0.38101324,-0.30820644,0.15736037,0.072020754,-0.019551903,0.23046204,0.12795804,-0.0065464526,-0.10295399,0.008528389,-0.08309319,-0.15390128,-0.07618739,0.00011460669,-0.041986503,-0.23851497,0.4278346,-0.6440328,0.13840683,0.038673427,0.016866986,-0.00071346713,-0.047716826,0.0016923286,-0.24250276,2.0045185,0.14144962,-0.21442643,-0.24597159,-0.073854625,-1.5570254,-0.18888833,0.024923332,7.522479e-05,-0.69060606,-0.31411824,-0.23084645,-0.011909574,-0.17034076,0.13171239,-0.18861097,-0.060242288,0.1124987,-0.48975772,0.2264486,0.1056121,-0.58876735,-0.06638176,0.8250983,0.12174516,-0.041835185,-0.60248226,-0.023858361,0.088612825,-0.052604586,-0.07990111,0.354396,0.097737744,-0.2142904,-0.018012952,0.19150944,0.016601259,0.005681148,0.03518175,0.102198526,0.18541934,0.07762541,-0.020497732,0.16531366,-0.10006275,-0.053651147,0.09998356,-0.017929867,0.019597724,-0.1304158,0.05031053,-0.0007547166,-0.34405887,-0.0029595792,0.30352032,-0.09418836,-0.10967678,-0.022096261,-0.14933977,-0.01250815,-0.023006972,-0.0004624417,0.17199472,0.03561134,-0.08188403,-0.3564887,-0.03262776,0.0032361746,0.07652104,-0.019275837,0.23340982,-0.013444236,0.29890078,0.065062545,0.17335466,-0.43494993,-0.484378,-2.9124944,7.993945e-05,0.3700891,-0.5855115,0.23134726,0.052814752,-0.14042255,0.01173614,0.16178373,0.008370072,0.21429044,0.09691493,-0.12027508,0.17114514,0.030566784,-0.19752513,0.05699945,0.07701917,-0.10858545,-0.16331609,0.13565321,0.0038906448,-0.35436836,-0.0816059,0.011566006,0.48689812,0.052111983,-0.13643971,-0.05221288,0.0023225415,0.054330543,0.07656339,-0.2258529,-0.15509856,0.054475117,-0.120764375,-0.19791669,0.17980841,-0.21037635,0.13256732,-0.24154341,0.07267481,-0.24823174,0.21485087,-0.105793804,0.12937751,-0.42993158,0.020103194,0.08128473,-0.09019451,-0.046152856,-0.2139627,-0.18206427,-0.1143792,0.036257587,0.91864955,-0.102392,0.012947116,0.03942574,-0.003422439,-0.09624241,0.3865512,-0.40006915,0.47578382,0.02084202,0.040816616,-0.15278985,0.54591,0.028245673,0.056754902,0.057170182,0.0515323,-0.067199975,-0.18227881,0.2432388,0.67458284,-0.11550732,-0.08344004,-0.067884594,-0.873645,-0.4446897,-0.056706287,0.023772607,0.016878083,-0.09843227,0.052818146,0.078838795,-0.094600424,1.3618603,-0.22719522,2.1210098,-0.2390643,0.01425451,-0.8547303,0.13073616,-0.04008974,0.019633219,-0.00044852993,-0.31281716,-0.08068697,0.08314394,-0.07488331,0.118639745,0.16889183,0.05286209,-0.035366513,-0.023211863,0.045152444,-0.12798776,0.471132,2.1097047,-0.056208264,0.523454,-0.1435144,-0.3930879,-0.111327626,0.2041594,-0.040631987,-0.1015173,-0.0031264946,-0.13788846,-0.110612996,0.110764906,-0.034403823,-2.494616,4.83506e-05,0.14711757,-0.62848115,-0.30389428,0.547021,0.19894652,0.24181184,0.1206135,0.3237759,0.023633543,-0.10420461,0.17303842,0.2746226,0.048385214,0.06325805,0.017218322,-0.061743714,0.41306943,-0.021168085,0.05104819,0.42354244,-0.027384259,-0.21221429,-0.055390205,-0.01326064,0.2346259,0.04298416,0.47480834,-0.09730698,-0.072517484,-0.03344606,0.086320065,-0.058387693,0.43361416,-0.04075346,0.020401973,0.05103773,0.24977788,0.015908033,-0.078461125,0.11716738,0.16507624,0.0058129653,0.0144217145,0.14649749,0.12376781,-0.4089856,0.44163176,0.1839002,0.08773834,0.02629441,0.039710738,-0.052655004,0.10434469,0.0756361,-0.020929616,0.027704459,0.10182583,-0.2427847,0.099358216,0.0014296621,0.41124117,0.14993161,0.21245664,-0.2838845,-0.14692397,0.10255849,-0.15919209,0.15038767,-0.20886096,-0.19341171,-0.07089402,-0.14597648,-0.8700402,-0.07021449,0.071085006,-0.4334577,0.7095512,0.08898681,0.029886,1.1974901,-0.23448244,-0.74644494,0.19292569,0.4200182,0.3694734,0.27617404,0.5419905,0.16812919,0.12336804,0.104114875,-0.049898326,0.10251103,0.18616956,0.22762352,0.15849033,0.047815043,0.12551157,0.27020743,-0.04365103,-0.13927037,0.20549518,0.18847954,-0.07351428,0.21555632,0.111260496,0.07092074,0.57449985,0.6764177,-0.11591768,-0.0822338,0.045085102,0.021729901,-2.5927622,-0.19145364,0.99792576,-0.1520311,-0.04782348,-0.07748116,-0.15488994,0.2654359,0.27739722,0.13968168,0.090337954,-0.10184887,-0.013305148,0.011363968,-0.018418252,0.32876793,0.11407136,-0.20646715,-0.09066363,-0.041506298,0.31812495,-0.24505022,-0.27392966,-0.034702554,-0.015175231,0.009882927,-0.04111685,-0.13168809,-0.035414636,-0.35315636,-0.36157858,0.17915872,-0.0025570914,-0.068756886,-0.022167392,0.0182783,0.20034045,0.11183332,-0.05743411,-0.15424727,0.21709098,0.098226264,-0.06268393,-0.15107161,-0.08603227,0.45969096,0.0408085,0.3439597,0.036039006,-0.07254863,0.036218837,0.57818204,-0.18490094,-8.273133,-0.021123476,-0.1287637,-0.35689133,0.07595906,-0.3057418,-0.11620247,-0.08565832,-1.5725787,-0.008226082,0.022993416,-0.2259428,0.018658668,0.24790624,0.13411504,0.049094483,0.051830277,0.18083474,-0.17284316,-0.16366233,0.2997578,0.10052726,0.15068132,0.36903712,0.6175073,0.20512283,-0.027672537,0.0115315765,-0.20055558,0.14965081,-0.09371099,-0.56023175,0.13423012,0.052319042,0.41124174,0.21609306,-0.077076726,0.06991704,-0.014528386,-0.25414595,-0.03543461,0.043364957,-0.04107573,0.3112772,-0.067427,-0.12544559,0.07711929,0.13393939,-0.17480014,-0.06508555,0.04118404,-0.33652458,0.15845962,0.046437215,-0.2158883,0.69530404,0.07738019,0.19980702,-0.07925125,0.21521735,-0.031199094,0.36433738,0.19415545,-0.05286883,-2.0075412,0.38210344,0.03898084,-0.06578732,0.08605611,0.03927565,-0.10778821,0.01123197,-0.18689305,-0.12713616,0.010718431,-0.8237711,-0.7365737,-0.08088805,-0.10243189,-0.035871446,-0.17661195,0.0542162,0.77666616,0.05944184,0.07973876,0.016849369,-0.015517846,-0.025218666,-0.008958062,0.03193237,-0.05292476,-0.4586848,0.1498012,-0.24696878,-0.053340137,-0.100194104,0.15255861,0.15995029,-0.13149908,0.32104042,0.27657914,-0.101177886,-0.07358826,-0.08577645,-0.03868221,0.52807045,-0.13755944,-0.28294474,0.26551247,0.45638397,-0.048512645,-0.040625513,-0.19844832,-0.35512373,-0.13696702,-0.35587233,-0.024335679,-0.15841286,-0.036877397,0.050058044,-0.14460951,0.01643198,0.00029517338,-0.015759658,0.35285527,-0.11047327,-0.43866146,-0.20038266,0.06107147,-0.15012513,0.032646447,0.07994925,-0.14886227,0.06634544,0.22610684,0.18162066,0.12902676,0.009388819,-0.03233675,0.16656953,0.62357175,-0.011326734,-0.03301995,-0.1248936,-0.058728382,0.4444388,0.013735026,-0.016654149,1.6583116,0.0013239244,-0.06783478,0.2699564,0.20058736,-0.09966407,-0.4520095,0.08998643,2.3612015,0.21834439,-0.08195969,1.4369632,-0.06328746,0
-0.0036452264,-0.015363708,0.2152814,0.16177139,0.117103815,0.4596603,0.94550157,0.19679654,-0.08334174,2.199963,-0.031472154,0.004637614,-0.37873036,0.04831091,-0.36824855,-0.10416496,0.10731032,-0.092341766,0.12977076,0.017567765,-0.19785409,-0.010692619,0.29848516,-0.2668168,0.25004616,-0.27614895,0.3458684,0.19302358,0.43306348,-0.0238759,0.10876844,0.17943567,0.08488261,0.061542664,-0.28588352,0.002089113,0.0526279,-0.11082274,0.09015962,-0.15735477,0.063243955,0.3034379,0.39886323,0.08540447,-0.14782459,-0.25690675,0.039192718,-0.050246287,0.15524368,-0.45493653,0.029452875,-0.4119835,-0.012155827,-0.042770255,0.61895967,-0.097789474,0.12894723,-0.02073878,-0.052858304,-0.02063702,-0.7219854,-0.22950752,-0.087097704,0.39654058,0.38895655,0.29462072,0.13987827,-0.40875968,-0.07148611,-0.100107044,-0.19072941,0.07203131,0.1352493,-0.021800192,0.07159996,0.05176442,0.24358098,-0.3918351,0.037372738,-0.024007961,2.3337822,-0.3797123,0.07092345,0.13826782,2.8017025,0.124863565,-0.24887559,0.14449826,0.15312985,-0.30128622,0.08809774,-0.02995029,-0.0006689429,-0.029433932,-0.021336727,0.10228725,0.07391226,-0.13319808,-0.88596547,-0.048331536,-0.06637399,-0.04496964,0.25961512,-0.29522532,0.3884958,-0.035996914,-0.14727235,-0.3428767,-0.046023894,-0.14404185,-4.410409,-0.062287226,0.08480988,-0.0811996,0.36704206,0.22768147,0.1050278,-0.059541356,0.07903899,-0.6675988,0.23331565,0.13058431,0.029584613,0.027233195,-0.1026508,-0.0013800524,0.06378853,-0.07910136,0.25217876,0.19604291,-0.097725905,-0.0020461679,-0.10906583,-0.25931433,0.18139747,-0.2701403,0.07749553,0.21249968,-0.08566348,0.01957811,0.00875622,0.09916277,-0.051445857,0.19390526,0.30172238,-0.04634609,0.04604756,0.018951774,-0.12603688,-0.10476179,-0.5117281,0.11945115,0.009162961,0.10017366,0.2825387,0.33891097,0.09756224,0.20464668,0.18242282,0.25039688,0.08561775,0.21801372,0.2150153,0.12590311,0.13485058,0.10561633,0.07405093,0.35753012,0.29306075,-0.05842057,-0.06575176,0.10732411,-0.061383467,0.051375404,0.19974062,0.006034852,-0.6338561,-0.19329068,-0.33328435,0.3786007,-0.073011264,-0.46127844,-0.02297479,0.82780933,-0.39721134,0.5478718,-0.006184602,0.25013345,-0.052858017,-0.0496667,-0.016710103,0.06470409,-0.019172981,-0.044054452,0.08756794,0.1748812,-0.06976466,0.08113941,-0.059952192,0.24754217,0.028521834,-1.3379248,-0.053132318,-0.1227898,0.093356386,-0.22799158,0.030591913,0.0010211468,0.045473248,-0.17260864,0.13812718,0.117583305,-0.095775895,-0.009548999,0.14549811,-0.042163953,0.34188053,-0.08735949,0.00085130136,-0.10170425,0.31848973,0.5041344,0.19287644,-0.03485261,-0.13426536,-0.0707568,0.20931596,0.10934402,0.12292477,0.21415271,-0.32463902,0.08180767,-0.3879043,0.064851664,0.054843687,-0.05500379,0.19563392,0.05144091,-0.39024237,0.19676471,-0.22587138,-0.059203446,0.031072257,0.002673646,0.0002144184,0.06673964,-0.09794936,-0.2791892,-0.30575088,0.3276683,0.15224193,-0.18620832,-0.32789364,0.27018157,0.010083377,-0.12488273,0.26664138,-1.3097677,-0.039564963,0.25908262,1.8171318,-0.5386318,0.20436636,-0.69319725,0.3282212,0.73783857,-0.32204515,-0.09914721,-0.02352767,0.21567833,0.223764,-0.037909914,0.009878434,-0.041674078,-0.21970275,0.49830353,0.1603649,-0.08361946,-0.08407529,-0.0717099,0.00084631145,0.06347671,-0.20908651,-0.05116351,-0.3150764,0.15667987,0.05644028,-0.2041042,0.27704868,0.20631593,0.024313983,0.13451391,0.060943287,-0.18745407,0.051405024,0.057612356,-0.10403412,0.13546088,0.175694,0.114248276,0.106375076,-0.046103053,0.25084454,-0.39556316,0.028387919,0.08629525,-0.026061237,-0.05407483,0.17620996,-0.21904084,0.08439952,1.0591118,-0.020690326,0.01152743,0.01581638,-0.3473268,-0.38859034,-0.33675173,-0.10186175,0.36259624,-0.12807167,0.22748464,-0.06741962,-0.017103154,0.54946214,0.36416537,-0.04458183,-0.05213072,0.32527038,-0.16224001,0.014390141,-0.063373595,-0.15743986,0.14208063,0.5561601,-0.95099115,0.050820544,-0.06629383,-0.23871894,-0.10781196,0.12268596,0.07675854,-0.05016134,-0.39668995,-0.07329407,-0.14044696,0.1864608,-0.13159193,-0.12804672,0.04846871,-0.14107093,0.49333426,0.14278148,0.18083759,0.5731263,-0.04057599,-0.07570533,-0.018047392,-0.10091856,0.13716917,0.014595948,-0.05175497,0.16619381,1.0851586,0.07065462,0.039439924,0.0635363,-0.033949662,0.16685292,-0.3720855,0.775978,0.03566755,-0.08032943,0.25149822,0.08614214,0.6685495,0.017887574,0.0153936185,0.55673486,0.0025968226,0.04017024,0.073931724,-0.14332058,-0.30052722,-0.02076701,-0.00433103,0.44240338,0.13815084,0.0014578077,-0.16562761,-0.29010952,0.063083686,-0.46516487,-0.052444447,0.14612094,0.09104667,-0.0015325807,-0.35961074,-0.6446933,-0.22735259,0.024490776,-0.041994706,-0.4514245,-0.35078332,0.2796562,-0.003168311,-0.12796089,-0.05971331,0.07998446,0.03991015,-0.17563958,-0.11758874,-0.17728041,2.670367,0.05295018,-0.21565157,-0.18029764,0.088241585,-0.12236799,0.69399893,-0.39744833,-0.053393424,0.08277933,-0.010834731,0.006785989,-0.14155944,-0.10200198,0.07056031,0.23918149,-0.056477923,0.18691519,0.03660486,0.020480465,-0.10265943,0.3776123,0.1238613,0.14016274,0.0680235,-0.1662173,0.03872954,0.36071873,-0.114152655,-0.48039985,-0.2976092,0.13521928,0.16712204,0.0136425905,-0.0025664866,-0.03995917,0.3358785,-0.008292489,-0.49525017,0.048834316,-0.5379587,0.065596715,0.030647501,-0.21797006,-0.19293897,0.27939788,-0.06431058,-0.26333094,0.1716568,-0.1390897,0.37314367,0.06465675,-0.13802177,0.0183812,0.12238977,-0.4245295,0.42687088,-0.4200707,-0.31715453,0.22926116,-0.10678637,0.05161369,0.34841293,0.13479394,-0.1286943,-0.11872504,0.13585721,-0.19949718,-0.17033309,-0.038161557,0.06523733,-0.022653013,-0.23444651,0.40987897,-0.70019686,0.16831672,-0.058687568,-0.014675834,-0.0006526052,0.11248042,0.07462771,-0.3516771,2.0318866,0.011275217,-0.18130137,-0.2431265,0.2518091,-1.6772789,-0.18201435,0.004506806,-0.34735644,-1.1031113,-0.41580176,-0.30931735,-0.0691885,-0.13588451,0.3153462,-0.34250695,-0.074554265,0.1368174,-0.6741839,0.09928828,0.11748716,-0.7737596,-0.08635283,0.85491085,0.07577295,-0.02511884,-0.23146287,-0.0053853057,0.35415938,-0.01920475,-0.14732131,0.24892884,0.19407663,-0.38104624,-0.02066033,0.22256592,-0.12877306,-0.116850436,0.08414549,0.15530388,0.19391201,0.02885772,-0.03260793,0.22939646,-0.08338806,-0.019474085,-0.08776969,0.12499442,-0.21603766,0.008575464,0.14880934,-0.016060859,-0.22257903,0.015595453,0.014231529,-0.07195941,-0.108044915,-0.008333207,-0.14342162,-0.0044259373,0.03556916,-0.0005195212,0.08989851,0.01732925,0.23392928,-0.63386035,-0.07826519,-0.033289623,0.08068572,0.01478803,0.03976688,-0.007839654,0.47336075,0.1074174,0.21108796,-0.48908317,-0.3482294,-3.3982081,7.799545e-05,0.5312077,-0.6569936,0.07781848,0.25556293,0.019040078,0.10162998,0.08051106,-0.095284164,0.17596313,0.20868486,-0.41676033,0.28993735,0.15718417,-0.25610918,0.05938012,-0.03688559,-0.17378646,-0.3296618,0.37205207,-0.015197113,-0.42856294,-0.043970987,0.06840569,0.6409311,0.11451482,0.58691216,-0.09111525,0.0021661557,0.01819162,-0.016875617,-0.2702762,-0.050230075,-0.124777675,-0.05268097,-0.025674708,0.30231652,-0.30424598,0.17973366,-0.050045013,0.21765523,-0.14914969,0.22690094,-0.120252855,0.19394387,-0.45050347,0.20609002,0.032110397,-0.11630517,-0.16315904,-0.29787624,-0.08216569,-0.0232942,0.05485239,1.5810254,0.044231486,-0.19287463,-0.07401149,-0.12036277,-0.15596023,0.43472874,-0.5971917,0.48811752,-0.0508354,0.08776812,-0.14066657,0.38325065,-0.23102775,0.03487981,-0.023441182,0.13391818,-0.03924971,-0.14991564,0.30788216,0.96629715,-0.09235365,-0.00818326,-0.009487569,-1.0006859,-0.1590618,-0.043753825,0.029664742,-0.08913613,0.39662045,0.07443935,0.04319002,-0.057144467,1.3698316,-0.27372295,2.1488698,-0.035460193,0.030835133,-0.7146901,0.08214137,0.02845351,-0.13849188,-0.0003769425,-0.2651634,-0.093934216,0.054912936,-0.16553758,0.26940697,0.17172179,0.13003343,-0.21329491,-0.085554264,-0.005289063,-0.13897562,0.40290278,1.8813852,-0.110578336,0.71757174,-0.11103049,-0.18599987,-0.100307874,0.13161114,-0.029207703,-0.24407707,0.19455278,0.017655447,0.03513747,0.19643953,-0.13348447,-2.8316429,4.426632e-05,-0.007161591,-0.7448054,-0.38298258,0.42636064,0.25984713,0.37328148,-0.10157409,0.28473514,0.09814476,-0.22383183,0.11112723,0.2590429,-0.034589306,-0.0819749,0.031664945,-0.07182155,0.43540516,0.011152547,0.022375964,0.50260496,0.113114715,0.045607768,-0.07188386,0.2796507,0.21421953,0.093852445,0.23372489,0.08948036,0.017038535,-0.08262171,0.14158575,-0.068491556,0.76787627,0.0793731,-0.042635236,0.15754448,0.15790251,-0.011293115,-0.12277332,0.14233434,0.056918964,0.13723555,-0.00027180836,0.117206514,-0.08523789,-0.7566304,0.4113693,0.31181806,0.12532273,0.06596479,0.025461767,-0.1391699,0.0129660405,0.050717756,-0.13140036,0.010733761,0.15765314,-0.28628772,0.16521026,0.29815334,0.3990745,0.34312072,0.35064417,-0.35964584,-0.19184789,0.027225414,-0.25044572,0.17041424,-0.14327718,-0.081290334,-0.15132153,-0.236139,-1.2067807,-0.026561942,0.022709846,-0.68234754,1.3897216,0.3815085,-0.06062124,1.3907031,-0.23295587,-1.0147929,0.40138385,0.19494405,0.6421379,0.4660023,0.25109375,0.22322643,0.08997689,0.021312056,0.017259235,0.03557578,0.12200217,0.15250504,0.079108596,0.07186021,0.01626971,0.33146298,-0.051117413,-0.025522258,0.18243414,-0.09893285,0.010025993,0.22359407,0.08595417,0.022853756,0.514516,0.84737545,-0.1442192,0.25551754,0.03502969,-0.09012616,-3.9558187,-0.11006865,0.1865356,-0.17844227,-0.01529206,-0.18812457,-0.045760714,0.2886941,0.2840253,0.16753717,0.116227925,-0.012199681,-0.015961112,-0.033492386,0.05586355,0.22936973,0.08601921,-0.13987495,-0.20281564,-0.07833809,0.3060674,-0.20560747,-0.3880332,0.15305057,0.08652643,-0.014373206,0.017213397,-0.14749649,0.0037494302,-0.3156017,-0.51192033,0.19512582,0.06438303,-0.13208658,-0.053221263,-0.044322908,0.41795978,0.14035988,-0.0052015297,-0.13353892,0.2524128,0.121189356,-0.09420817,-0.011932015,-0.16688603,0.5261044,0.01727359,0.29025948,0.06565695,-0.13981357,0.089270875,0.5846566,-0.15584329,-9.8102255,-0.03318814,-0.06638217,-0.42548758,0.14057368,-0.24578606,-0.16659014,-0.1221637,-1.1189389,-0.011206999,0.025926124,-0.33650318,-0.164195,0.26645237,0.033976723,0.10190272,-0.015986994,0.26644096,0.01628466,-0.060593337,0.19776031,0.3511162,0.14125301,0.48661405,-0.024724603,0.27478015,0.1104458,0.041991264,-0.19676577,0.29447785,-0.11445543,-0.51520467,0.15269817,0.032443777,0.5216902,0.29653844,0.1492918,0.09497472,0.04490701,-0.2835936,0.038839962,-0.014869276,-0.02112009,0.2469643,-0.019171648,-0.26090702,0.13857812,0.1479427,-0.15705858,-0.09604916,0.07925658,-0.357381,0.22974597,0.0968501,-0.20951666,0.62048775,0.052995823,0.25604734,-0.089036115,0.17134976,0.0049921973,0.3435043,0.09090809,-0.024074158,-2.0470247,0.4651781,0.03562024,-0.028345138,0.08630539,0.07586455,-0.03551801,0.16182213,-0.14740914,-0.20880069,-0.017254014,-0.93663734,-0.72231185,-0.024345681,-0.24482507,0.00043747947,-0.09917192,0.107101336,0.85763216,0.011567362,0.04978121,-0.19218376,-0.106588356,-0.016932674,-0.034734912,0.1425237,-0.15189871,-0.524928,0.04185693,-0.28757128,-0.16481519,0.034594186,0.13658047,0.0422326,-0.38273555,-0.17021197,0.2823543,-0.091642834,-0.019656576,-0.27909583,-0.047942176,0.5195941,-0.26045477,-0.24512328,0.20564798,0.5298474,-0.04533803,-0.15776189,-0.20362104,-0.22619434,-0.25198314,-0.40267926,0.10152848,-0.13363738,-0.03168669,0.13137406,-0.27147347,0.022180526,0.058805726,-0.18074265,0.45280695,-0.15006387,-0.4095052,-0.36932984,-0.17118528,-0.0829158,0.034988202,0.04833083,-0.12534076,0.0931791,0.1957564,0.2572743,0.13135639,0.06406523,-0.055157542,0.16640589,0.57313883,-0.13500623,-0.10740865,-0.15000549,-0.038995404,0.27552104,0.08639832,0.016160548,2.0042427,0.19226468,-0.040943947,0.27102518,0.13709047,-0.22928572,-0.4973035,-0.012419142,3.3979087,0.30949622,0.02219402,1.4087213,-0.016974641,1
-0.014880355,0.06767107,0.17640373,0.15092234,0.12003839,0.51093006,1.2952144,0.11116586,-0.22915003,2.0196636,-0.052365746,-0.016592428,-0.38743567,-0.05780088,-0.40580368,-0.049207263,0.018876454,-0.09679794,0.053140447,0.032249764,-0.15682587,0.11323959,0.2249901,-0.43834126,0.20453608,-0.2904669,0.17269978,0.1812895,0.28466544,0.0026397482,0.049393628,-0.0052625686,-0.02796778,0.006795846,-0.31324884,0.09437372,0.040189408,-0.08689433,0.11091511,-0.10002712,0.17519754,0.20893396,0.3807391,0.046290286,-0.033024497,-0.28622502,0.15633354,-0.021414377,0.21198887,-0.35336593,-0.18124184,-0.45453185,-0.09690404,-0.036071256,0.5891834,-0.084887534,0.02156464,0.43425912,-0.04934659,0.10256812,-0.57465553,-0.18073398,-0.15490131,0.30741796,0.3753025,0.12082488,0.1216847,-0.45156622,0.09910315,-0.078504845,-0.19191135,0.010794718,0.21922505,-0.056716945,0.07475106,0.033542227,0.18590778,-0.20384169,-0.095790036,-0.14988896,2.3093014,-0.21326253,0.18861172,0.25374117,2.1512752,0.21053365,-0.23385072,0.024876043,0.101184115,-0.2702264,0.04002902,0.17968394,-0.14124382,-0.054132577,0.08325565,0.102552645,0.09373766,-0.019085977,-0.8574772,-0.076896444,-0.05573708,-0.039678544,0.18350768,-0.009135764,0.199845,-0.11720085,-0.09539342,-0.29418612,-0.024122108,-0.15280956,-4.9393063,0.10040267,-0.04871612,-0.07908267,0.19158685,0.21247381,0.1015609,0.02906882,0.12707826,-0.5260949,0.13851237,0.11473524,0.028528407,0.0494649,-0.059987314,-0.074193686,0.11035728,-0.08365798,0.12755206,0.2784102,-0.1757608,0.06382577,-0.13201395,-0.054162562,0.15503836,-0.20910674,0.056999646,0.3494552,-0.09635834,-0.004024081,0.03307593,0.08211762,-0.008893857,0.13708264,0.41031653,-0.050966345,-0.028042398,0.048342664,-0.1250633,-0.06769534,-0.567955,0.099350445,-0.010315575,0.08824579,0.2276034,0.3877229,0.07456824,0.22272862,0.3197412,0.2629152,0.045990504,0.25693372,0.0006383655,0.028543815,0.055270992,0.053615652,0.06731795,0.3959682,0.23894784,-0.084061354,-0.068408564,0.144161,0.05923859,0.05088352,0.43986583,-0.10292723,-0.51069534,-0.16437343,-0.19442749,0.2605868,-0.08199619,-0.25552398,-0.078981966,0.89031935,-0.39082742,0.8212918,0.023947762,0.21301183,-0.054588422,-0.07208446,-0.021345403,0.04629127,-0.005284425,0.023724759,0.0909264,0.13002086,-0.17346123,0.088470094,-0.105226755,0.26160505,-0.020532385,-1.4067767,-0.11534936,-0.10855552,0.17577106,-0.26651165,-0.0011290796,0.19398916,-0.056202028,-0.30557352,0.036622882,0.055224158,-0.12097009,0.06901842,0.26097184,-0.0058345906,0.18891099,-0.05753844,0.0009288432,-0.079652816,0.094462946,0.46530098,0.45296,-0.007153794,-0.17151846,-0.05975713,0.48637822,0.04863654,0.05134045,0.08343859,-0.3549021,0.10127544,-0.102470174,0.13198212,0.044067357,0.010961901,0.24498929,0.0144626945,-0.37773597,0.115016416,-0.044868246,-0.038597092,0.060150947,0.0025075045,0.03549335,-0.07135068,-0.07416624,-0.13114864,-0.14232598,0.30955747,0.09707374,-0.14026383,-0.02562096,0.08945755,0.07929064,-0.105441004,0.32921815,-0.97112757,0.112251036,0.3060874,1.8432457,-0.6543116,0.14728704,-0.31919214,0.3082216,0.6020082,-0.38326403,0.07342914,0.19128205,0.37562454,0.2056488,0.018231595,0.05320271,-0.01247827,-0.2365088,0.5030992,0.17131722,-0.065755226,-0.10327281,-0.10376123,-0.12803864,0.10482294,-0.11433646,-0.16221374,-0.17791402,0.20515972,0.12670653,-0.24468754,0.06783103,0.43106014,0.031864855,0.09482669,0.12307358,-0.1772369,0.13015868,0.03470879,-0.0836723,0.11482523,-0.08930254,-0.003600439,0.21533896,-0.15536615,0.20992872,-0.49912384,0.1755786,0.026191562,0.16070493,0.07035372,0.14683466,-0.117552556,0.062270433,0.95832115,-0.046483066,-0.19919224,-0.026673496,-0.3350098,0.059253886,-0.3197595,-0.01294462,0.29161707,-0.009370876,0.05482594,-0.05404519,-0.14590347,0.69644934,0.4483386,-0.0056120157,-0.08437296,0.16928306,-0.06521854,0.0602763,-0.036991425,-0.036728017,0.11631709,0.45665604,-1.1169208,0.03315315,0.014286904,-0.054928362,0.015728667,0.08319327,0.04419516,-0.13906313,-0.22391833,-0.107598215,-0.18338656,0.1595043,-0.16058542,-0.16849977,0.10201058,-0.13595033,0.5188237,0.07618479,0.14965267,0.6999513,0.059269376,-0.09418841,-0.10101068,0.14371768,0.09249497,0.025489375,-0.04295528,0.04322762,1.140335,-0.024683863,-0.010211004,0.005572021,0.0018082429,0.030675706,-0.2170245,0.4277766,0.095574856,-0.021813437,0.11694516,0.069271356,0.6217751,0.17111295,0.018945377,0.3972832,0.0025896807,0.16119897,0.016122576,-0.17679743,-0.21770439,0.1397684,-0.033299796,0.49026182,0.090721115,0.001516446,-0.15580738,-0.15056859,0.065905325,-0.21495114,-0.10329489,0.17452264,0.1026372,-0.013324037,-0.35950202,-0.5758535,-0.1383,-0.1967573,-0.15664342,-0.027863339,-0.19137073,0.17789656,-0.0044276193,-0.3573147,-0.003823705,0.033638477,0.13843626,-0.15182364,-0.11882133,-0.15796456,2.5149806,0.039190203,-0.19754548,-0.08917613,0.0654234,-0.14028281,0.67593455,0.014275588,-0.059031002,-0.011438265,0.16007644,0.052010395,-0.49173838,-0.15605079,0.013301492,0.18276915,-0.21763645,0.18446791,0.0468281,0.025524447,-0.07718806,0.32312584,0.10697779,0.14784467,0.08881554,0.3036996,0.059362993,0.35607725,-0.16216819,-0.38870823,-0.48922998,0.05879791,0.38168204,-0.04534232,0.033046484,-0.016312502,0.25526643,0.071164176,-0.3269375,0.016628899,-0.64213556,0.0926382,-0.06605306,-0.31593546,-0.1435453,0.34659985,-0.057238977,-0.13340032,0.18350689,-0.050213225,0.4193379,0.10467487,-0.102467716,-0.05066356,0.1951175,-0.4839686,0.66114795,-0.44703966,-0.31920493,0.1630712,-0.06169218,0.022431388,0.16939981,0.09112913,-0.10002431,-0.104123764,0.15752356,-0.10139945,-0.20768142,-0.07161706,0.03158107,0.055391498,-0.34485283,0.3625218,-0.72546047,0.09626615,0.0128353685,-0.032713983,-0.0007062348,-0.1283723,0.09408437,-0.31672806,1.8693053,0.023302883,-0.27012452,-0.22494027,0.22515102,-1.5615708,-0.22439593,-0.020156771,-0.059065133,-0.9092977,-0.38464972,-0.3189084,-0.025434256,-0.11774317,0.29442933,-0.20967366,-0.1359085,0.14452219,-0.39035752,0.20239311,0.03595221,-0.7751366,-0.08581411,0.71105194,0.17529008,0.049655102,-0.30346033,-0.06685196,-0.11215347,-0.16049802,-0.13832434,0.3535191,0.07056828,-0.29410252,-0.008651994,0.27431387,-0.034931652,0.01518546,0.022325946,0.029716788,0.23189123,0.09041017,-0.07265882,0.1477854,-0.060762852,-0.05744253,0.06264666,0.05418917,-0.041695833,-0.26517695,-0.0004952699,-0.026355116,-0.17515424,0.07519247,0.25544345,-0.05398415,-0.15757172,-0.012250178,-0.22653624,0.0039493423,-0.025183689,-0.00051889295,0.17624073,0.015559588,-0.020915985,0.10656072,0.017781653,-0.010732587,0.18189648,-0.05251832,0.087954655,-0.13144585,0.27897257,0.0018310342,0.29264843,-0.6262186,-0.45785344,-2.785412,6.904807e-05,0.58040845,-0.5207927,0.16772017,0.03305936,-0.1535618,-0.036478892,0.18222773,-0.16836898,0.13315198,0.15112284,-1.1440921,0.20658183,0.046202537,-0.23818724,0.17642441,0.0643015,-0.05934147,-0.27500275,0.20325327,0.0018073581,-0.4134806,-0.13673975,-0.030634928,0.6821147,0.07562288,0.25256097,-0.06579767,0.0020440875,-0.0039841384,0.2771134,-0.21542415,-0.1934344,-0.05460005,-0.087996446,-0.007935143,0.13789868,-0.11142528,0.1299485,-0.39185005,0.19141173,-0.12970148,0.07586132,-0.14994517,0.043361746,-0.34291935,0.056678593,-0.001281973,-0.09974837,-0.06115365,-0.38088086,-0.1336619,0.013706101,0.013925787,1.0432656,0.064181775,-0.035758123,-0.07631156,-0.094803065,-0.1615433,0.39464378,-0.5597459,0.42079335,0.084620215,0.081567794,-0.08698325,0.3286183,-0.017649174,-0.040887915,0.040495384,0.12416363,-0.030471936,-0.057079136,0.14402717,0.72082156,-0.09772251,-0.1069097,-0.012931664,-0.9317434,-0.39477015,-0.06955167,0.018792532,-0.020928867,-0.21396534,0.043801717,0.11096445,-0.0664142,1.2050154,-0.24036261,2.1780176,-0.09283003,0.109474525,-0.6285902,0.07277146,0.012900906,-0.07813883,-0.0004572678,-0.19881108,-0.04317395,0.17614265,-0.063985035,0.05150889,0.10141695,0.09295981,-0.05590448,-0.07203679,0.07162106,-0.108270414,0.5481841,1.7955369,-0.11663976,0.34254462,-0.10889727,-0.09041132,-0.030839302,0.22863959,0.028675055,-0.20331976,0.21342614,-0.15449582,-0.13882904,0.14175585,-0.06708942,-1.5868422,5.040566e-05,-0.032105528,-0.6497407,-0.5313715,0.75693417,0.17248641,0.33092487,-0.025030877,0.3496296,0.008374754,-0.1669881,0.19358636,0.34548965,-0.009767987,0.020174034,0.041751094,-0.096990146,0.26800966,-0.03121918,-0.056183644,0.3270349,-0.053010188,0.0007727258,-0.012630911,0.26111513,0.24078017,0.0109275915,0.25931013,0.029245123,0.022543523,0.0042554587,0.1003249,0.027430613,0.61306214,0.03375104,0.026769202,0.09652124,0.10285595,0.012274491,-0.09628416,-0.018243454,0.0865179,0.08386903,-0.009413388,0.12572986,0.05945143,-0.5717329,0.48681092,0.3126597,0.10737802,0.054209314,0.081909455,-0.16418925,0.006715104,-0.060296237,-0.022871092,0.098190054,0.1445096,-0.23552182,0.0054743723,-0.047356814,0.31152213,0.09428283,0.20897831,-0.32990682,-0.1609613,0.15049443,-0.21438949,0.16744226,-0.23501588,-0.18415979,-0.121469475,-0.1527935,-0.9576601,-0.23918183,0.049634427,-0.39930746,1.0195984,0.26194566,0.18955003,1.283438,-0.3101579,-1.1336131,0.28756812,0.32793593,0.29989117,0.35185543,0.28661495,0.08638014,0.072568566,-0.07197644,-0.012502186,0.089978024,0.20622766,0.19133812,0.08733606,0.10346362,0.0042896923,0.4974967,-0.058597364,-0.12556444,0.24016815,0.024028685,-0.041659087,0.22097057,0.13911858,-0.025929086,0.5908445,0.8126169,-0.075745285,0.11403295,0.037928365,-0.010110216,-2.8625402,-0.1512714,-0.07687664,-0.26918763,-0.066559695,-0.06991629,-0.14871015,0.2540548,0.24166803,0.2412424,0.19161391,-0.040693037,-0.090913884,0.067566946,0.012744088,0.22060332,0.14815566,-0.34199256,-0.11568671,-0.053564,0.2879712,-0.173846,-0.17026867,0.11746252,0.031500198,0.017659605,0.056757886,-0.13575867,-0.021339737,-0.17030536,-0.36886394,0.45967233,0.012022059,-0.104954794,-0.022481225,-0.070263244,0.21598808,0.09228655,-0.0048159994,-0.13640475,0.2694201,0.14847799,-0.020993533,-0.14988485,-0.07768415,0.6139777,0.04482408,0.2773045,0.0024886578,-0.045547023,-0.05622095,0.48218328,-0.08380733,-8.994631,-0.060636334,-0.07917366,-0.15506664,0.022106217,-0.35749125,-0.11217115,-0.11460491,-1.8593445,-0.0047123134,0.06902234,-0.29368567,-0.0819857,0.35958314,0.066816956,0.0799017,-0.010432124,0.23242941,-0.1713836,-0.2972449,0.42843243,0.23623815,0.16403821,0.47439528,0.24429853,0.20437726,0.04480946,0.011422737,-0.21715313,0.32260683,-0.14406791,-0.48759356,0.015369501,0.018956713,0.3522494,0.11848778,0.09481334,-0.036997013,0.046367787,-0.19467478,-0.03287211,-0.016493224,0.030359734,0.24809627,-0.3068481,-0.21274792,0.054966714,0.05482661,-0.16537045,-0.02490191,0.06711763,-0.34806654,0.18268263,0.09846664,-0.13945164,0.79948467,0.17635018,0.23892061,-0.06413169,0.3265976,0.0004477501,0.20939636,0.14599222,-0.032510936,-2.026178,0.35221037,0.06410089,-0.018751552,0.10385667,0.09266971,-0.11451735,0.09265053,-0.2918663,-0.20615764,-0.04327783,-1.1818848,-1.0287416,-0.013480097,-0.061454635,0.023852883,-0.13525485,0.03342893,0.94424224,-0.0051862523,-0.08250352,-0.15171112,-0.05186088,-0.09703585,-0.039221466,0.20492028,-0.1094212,-0.50976634,-0.014710128,-0.3328038,-0.13096792,-0.13689244,0.161226,0.21190481,-0.20605174,-0.20249178,0.30106083,-0.09481822,-0.104446135,-0.27528852,-0.04342577,0.41833487,-0.2020604,-0.33492762,0.2127445,0.5011358,0.001072403,-0.02623123,-0.25110292,-0.122440115,-0.14895134,-0.33858857,-0.057935383,-0.103372015,-0.008899916,0.18373737,-0.34888533,0.074723914,-0.016476162,0.05458044,0.39367932,-0.088703364,-0.33066744,-0.29347846,-0.13469078,-0.09055132,0.029225344,0.13478845,-0.13416024,0.16761352,0.012999063,0.28921905,0.15561593,0.090915345,-0.032646287,0.12410664,0.6595282,-0.014352546,0.03778687,-0.25698328,-0.13916829,0.5358678,0.13193555,0.100007206,1.5460343,0.07856272,-0.041334342,0.08437503,0.10251498,-0.21206532,-0.4838718,0.11851491,2.8358583,0.37808523,-0.027242944,1.2953696,-0.03917176,1
